0.0,0.0,0.0,0.0,1952.3986016630804
0.0,0.0,0.0,0.0,237.15222654210862
0.0,0.0,0.0,0.0,0.0
0.0,0.0,0.0,0.0,0.0
0.0,0.0,0.0,0.0,0.0
0.0,0.0,0.0,0.0,0.0
0.0,0.0,0.0,0.0,0.0
0.0,0.0,0.0,0.0,0.0
0.0,0.0,0.0,0.0,0.0
0.0,0.0,0.0,0.0,722350.7248736152
0.0,0.0,0.0,0.0,311354.27164855064
0.0,0.0,0.0,0.0,709944.8181181685
0.0,0.0,0.0,0.0,221.784283875996
0.0,0.0,0.0,0.0,42.70163379069914
0.0,0.0,0.0,0.0,58.975471458481366
0.0,0.0,0.0,0.0,8.846320718771494
0.0,0.0,0.0,0.0,764.6116188348416
0.0,0.0,0.0,0.0,0.0
0.0,0.0,0.0,0.0,0.0
0.0,0.0,0.0,0.0,0.0
0.0,0.0,0.0,0.0,0.0
0.0,0.0,0.0,0.0,0.0
0.0,0.0,0.0,0.0,0.0
0.0,0.0,0.0,0.0,25225.12490806418
0.0,0.0,0.0,0.0,0.0
0.0,0.0,0.0,0.0,0.0
0.0,0.0,0.0,0.0,0.0
0.0,0.0,0.0,0.0,0.0
0.0,0.0,0.0,0.0,0.0
0.0,0.0,0.0,0.0,0.0
0.0,0.0,0.0,0.0,0.0
0.0,0.0,0.0,0.0,0.0
0.0,0.0,0.0,0.0,0.0
0.0,0.0,0.0,0.0,0.0
0.0,0.0,0.0,0.0,0.0
0.0,0.0,0.0,0.0,0.0
0.0,0.0,0.0,0.0,0.0
0.0,0.0,0.0,0.0,0.0
0.0,0.0,0.0,0.0,1.7094525475177847e7
0.0,0.0,0.0,0.0,1.5077564633686667e7
0.0,0.0,0.0,0.0,0.0
0.0,0.0,0.0,0.0,0.0
0.0,0.0,0.0,0.0,0.0
0.0,0.0,0.0,0.0,0.0
0.0,0.0,0.0,0.0,0.0
0.0,0.0,0.0,0.0,0.0
0.0,0.0,0.0,0.0,0.0
0.0,0.0,0.0,0.0,38194.28382288239
0.0,0.0,0.0,0.0,330390.40531258524
0.0,0.0,0.0,0.0,599137.3508244522
0.0,0.0,0.0,0.0,841055.1439487634
0.0,0.0,0.0,0.0,799522.6365228457
0.0,0.0,0.0,0.0,523411.4165342714
0.0,0.0,0.0,0.0,294048.9979590402
0.0,0.0,0.0,0.0,357066.08726054576
0.0,0.0,0.0,0.0,410396.25176335627
0.0,0.0,0.0,0.0,1.2817312824327904e6
0.0,0.0,0.0,0.0,1755.608674650139
0.0,0.0,0.0,0.0,1755.608674650139
0.0,0.0,0.0,0.0,1.236796114821819e6
0.0,0.0,0.0,0.0,1.236796114821819e6
0.0,0.0,0.0,0.0,1.236796114821819e6
0.0,0.0,0.0,0.0,1755.608674650139
0.0,0.0,0.0,0.0,1755.608674650139
0.0,0.0,0.0,0.0,491499.677906118
0.0,0.0,0.0,0.0,0.0
0.0,0.0,0.0,0.0,0.0
0.0,0.0,0.0,0.0,0.0
0.0,0.0,0.0,0.0,0.0
0.0,0.0,0.0,0.0,0.0
0.0,0.0,0.0,0.0,0.0
0.0,0.0,0.0,0.0,0.0
0.0,0.0,0.0,0.0,0.0
0.0,0.0,0.0,0.0,0.0
0.0,0.0,0.0,0.0,0.0
0.0,0.0,0.0,0.0,0.0
0.0,0.0,0.0,0.0,0.0
0.0,0.0,0.0,0.0,0.0
0.0,0.0,0.0,0.0,0.0
0.0,0.0,0.0,0.0,0.0
0.0,0.0,0.0,0.0,51216.48090780672
0.0,0.0,0.0,0.0,88522.66586118219
0.0,0.0,0.0,0.0,993686.5620700701
0.0,0.0,0.0,0.0,712291.5349076573
0.0,0.0,0.0,0.0,450155.3476288814
0.0,0.0,0.0,0.0,508727.4745952229
0.0,0.0,0.0,0.0,511581.4033179966
0.0,0.0,0.0,0.0,197317.98815037607
0.0,0.0,0.0,0.0,0.0
0.0,0.0,0.0,0.0,0.0
0.0,0.0,0.0,0.0,0.0
0.0,0.0,0.0,0.0,0.0
0.0,0.0,0.0,0.0,0.0
0.0,0.0,0.0,0.0,19558.38350904955
0.0,0.0,0.0,0.0,43032.247035656364
0.0,0.0,0.0,0.0,45360.18439131435
0.0,0.0,0.0,0.0,24832.733335259145
0.0,0.0,0.0,0.0,0.0
0.0,0.0,0.0,0.0,0.0
0.0,0.0,0.0,0.0,0.0
0.0,0.0,0.0,0.0,0.0
0.0,0.0,0.0,0.0,0.0
0.0,0.0,0.0,0.0,0.0
0.0,0.0,0.0,0.0,0.0
0.0,0.0,0.0,0.0,0.0
0.0,0.0,0.0,0.0,652012.0004267386
0.0,0.0,0.0,0.0,605203.5776755292
0.0,0.0,0.0,0.0,686883.3165948761
0.0,0.0,0.0,0.0,611581.9950282931
0.0,0.0,0.0,0.0,678160.479312308
0.0,0.0,0.0,0.0,615032.8925429133
0.0,0.0,0.0,0.0,791547.1765792591
0.0,0.0,0.0,0.0,249527.60871785734
0.0,0.0,0.0,0.0,0.0
0.0,0.0,0.0,0.0,0.0
0.0,0.0,0.0,0.0,0.0
0.0,0.0,0.0,0.0,0.0
0.0,0.0,0.0,0.0,0.0
0.0,0.0,0.0,0.0,0.0
0.0,0.0,0.0,0.0,58150.44415648506
0.0,0.0,0.0,0.0,109833.23509875263
0.0,0.0,0.0,0.0,37287.5111816767
0.0,0.0,0.0,0.0,0.0
0.0,0.0,0.0,0.0,0.0
0.0,0.0,0.0,0.0,0.0
0.0,0.0,0.0,0.0,0.0
0.0,0.0,0.0,0.0,0.0
0.0,0.0,0.0,0.0,0.0
0.0,0.0,0.0,0.0,0.0
0.0,0.0,0.0,0.0,20398.16273557874
0.0,0.0,0.0,0.0,42506.94864748844
0.0,0.0,0.0,0.0,78.51260173779585
0.0,0.0,0.0,0.0,35.17073046875
0.0,0.0,0.0,0.0,34.276109375
0.0,0.0,0.0,0.0,34.0915546875
0.0,0.0,0.0,0.0,34.57938671875
0.0,0.0,0.0,0.0,36.76163671874999
0.0,0.0,0.0,0.0,26.46992398392826
0.0,0.0,0.0,0.0,37.74850390625
0.0,0.0,0.0,0.0,0.0
0.0,0.0,0.0,0.0,0.0
0.0,0.0,0.0,0.0,35.3127578125
0.0,0.0,0.0,0.0,0.0
0.0,0.0,0.0,0.0,32.7155234375
0.0,0.0,0.0,0.0,1755.608674650139
0.0,0.0,0.0,0.0,1755.608674650139
0.0,0.0,0.0,0.0,31.558427734375005
0.0,0.0,0.0,0.0,1755.608674650139
0.0,0.0,0.0,0.0,1755.608674650139
0.0,0.0,0.0,0.0,1755.608674650139
0.0,0.0,0.0,0.0,1755.608674650139
0.0,0.0,0.0,0.0,1755.608674650139
0.0,0.0,0.0,0.0,1755.608674650139
0.0,0.0,0.0,0.0,36.316882812500005
0.0,0.0,0.0,0.0,1755.608674650139
0.0,0.0,0.0,0.0,1755.608674650139
0.0,0.0,0.0,0.0,35.64194140625
0.0,0.0,0.0,0.0,893.8006594067562
0.0,0.0,0.0,0.0,35.44504296875
0.0,0.0,0.0,0.0,36.067261718750004
0.0,0.0,0.0,0.0,37.69
0.0,0.0,0.0,0.0,232.1895843694071
0.0,0.0,0.0,0.0,162.0094203125
0.0,0.0,0.0,0.0,36.76963671875
0.0,0.0,0.0,0.0,377.6938090757731
0.0,0.0,0.0,0.0,33.25555468750001
0.0,0.0,0.0,0.0,666.1383902943998
0.0,0.0,0.0,0.0,30.516234374999996
0.0,0.0,0.0,0.0,73.86883142525929
0.0,0.0,0.0,0.0,21.35102318196971
0.0,0.0,0.0,0.0,0.0
0.0,0.0,0.0,0.0,0.0
0.0,0.0,0.0,0.0,0.0
0.0,0.0,0.0,0.0,0.0
0.0,0.0,0.0,0.0,0.0
0.0,0.0,0.0,0.0,0.0
0.0,0.0,0.0,0.0,0.0
0.0,0.0,0.0,0.0,0.0
0.0,0.0,0.0,0.0,134307.14035463505
0.0,0.0,0.0,0.0,356263.03170852
0.0,0.0,0.0,0.0,324047.6617084085
0.0,0.0,0.0,0.0,407845.08066963527
0.0,0.0,0.0,0.0,500458.10776277597
0.0,0.0,0.0,0.0,682.8412901174943
0.0,0.0,0.0,0.0,0.0
0.0,0.0,0.0,0.0,0.0
0.0,0.0,0.0,0.0,0.0
0.0,0.0,0.0,0.0,0.0
0.0,0.0,0.0,0.0,0.0
0.0,0.0,0.0,0.0,0.0
0.0,0.0,0.0,0.0,0.0
0.0,0.0,0.0,0.0,0.0
0.0,0.0,0.0,0.0,0.0
0.0,0.0,0.0,0.0,34.38858203125001
0.0,0.0,0.0,0.0,35.40519140624999
0.0,0.0,0.0,0.0,37.51301171875
0.0,0.0,0.0,0.0,41.34525390625
0.0,0.0,0.0,0.0,0.0
0.0,0.0,0.0,0.0,0.0
0.0,0.0,0.0,0.0,0.0
0.0,0.0,0.0,0.0,246.5055911784171
0.0,0.0,0.0,0.0,41.52453515625
0.0,0.0,0.0,0.0,40.17733203125
0.0,0.0,0.0,0.0,39.0281484375
0.0,0.0,0.0,0.0,38.06658984375001
0.0,0.0,0.0,0.0,37.45654296875
0.0,0.0,0.0,0.0,37.31531640625
0.0,0.0,0.0,0.0,37.991089843750004
0.0,0.0,0.0,0.0,40.34483984375
0.0,0.0,0.0,0.0,0.0
0.0,0.0,0.0,0.0,33.84867063592655
0.0,0.0,0.0,0.0,41.14136328125001
0.0,0.0,0.0,0.0,0.0
0.0,0.0,0.0,0.0,36.96294140625001
0.0,0.0,0.0,0.0,34.98752734375
0.0,0.0,0.0,0.0,33.9340234375
0.0,0.0,0.0,0.0,33.55485546875
0.0,0.0,0.0,0.0,33.48336328125
0.0,0.0,0.0,0.0,33.83811328125
0.0,0.0,0.0,0.0,35.301015625
0.0,0.0,0.0,0.0,38.5685859375
0.0,0.0,0.0,0.0,42.05553515625001
0.0,0.0,0.0,0.0,42.001277343750004
0.0,0.0,0.0,0.0,41.458355468750014
0.0,0.0,0.0,0.0,41.14752734375
0.0,0.0,0.0,0.0,40.52726171874999
0.0,0.0,0.0,0.0,39.834250000000004
0.0,0.0,0.0,0.0,39.04976953125
0.0,0.0,0.0,0.0,38.37423828125
0.0,0.0,0.0,0.0,37.59964453125
0.0,0.0,0.0,0.0,37.108003906250005
0.0,0.0,0.0,0.0,37.084078125
0.0,0.0,0.0,0.0,39.18659765625001
0.0,0.0,0.0,0.0,40.42789062500002
0.0,0.0,0.0,0.0,39.89314843750001
0.0,0.0,0.0,0.0,39.096921875
0.0,0.0,0.0,0.0,37.22487890625
0.0,0.0,0.0,0.0,34.69578515625
0.0,0.0,0.0,0.0,32.516861328125
0.0,0.0,0.0,0.0,31.104978515625
0.0,0.0,0.0,0.0,1011.8699593780175
0.0,0.0,0.0,0.0,1755.608674650139
0.0,0.0,0.0,0.0,1755.608674650139
0.0,0.0,0.0,0.0,1755.608674650139
0.0,0.0,0.0,0.0,1755.608674650139
0.0,0.0,0.0,0.0,1755.608674650139
0.0,0.0,0.0,0.0,1701.6784514194449
0.0,0.0,0.0,0.0,1755.608674650139
0.0,0.0,0.0,0.0,1666.5050861620869
0.0,0.0,0.0,0.0,1755.608674650139
0.0,0.0,0.0,0.0,1755.608674650139
0.0,0.0,0.0,0.0,38.425875
0.0,0.0,0.0,0.0,322.8941330954305
0.0,0.0,0.0,0.0,39.67141015625
0.0,0.0,0.0,0.0,40.73337890625001
0.0,0.0,0.0,0.0,42.118152343749344
0.0,0.0,0.0,0.0,44.585734375001564
0.0,0.0,0.0,0.0,46.536449218749844
0.0,0.0,0.0,0.0,47.247718750000885
0.0,0.0,0.0,0.0,6330.8727569017265
0.0,0.0,0.0,0.0,0.0
0.0,0.0,0.0,0.0,0.0
0.0,0.0,0.0,0.0,0.0
0.0,0.0,0.0,0.0,0.0
0.0,0.0,0.0,0.0,0.0
0.0,0.0,0.0,0.0,0.0
0.0,0.0,0.0,0.0,0.0
0.0,0.0,0.0,0.0,0.0
0.0,0.0,0.0,0.0,0.0
0.0,0.0,0.0,0.0,0.0
0.0,0.0,0.0,0.0,0.0
0.0,0.0,0.0,0.0,0.0
0.0,0.0,0.0,0.0,0.0
0.0,0.0,0.0,0.0,210631.92097854684
0.0,0.0,0.0,0.0,363674.8029607188
0.0,0.0,0.0,0.0,297708.25829672755
0.0,0.0,0.0,0.0,249152.66334638195
0.0,0.0,0.0,0.0,285415.06066710444
0.0,0.0,0.0,0.0,326181.39077680226
0.0,0.0,0.0,0.0,251000.91382721916
0.0,0.0,0.0,0.0,0.0
0.0,0.0,0.0,0.0,0.0
0.0,0.0,0.0,0.0,0.0
0.0,0.0,0.0,0.0,0.0
0.0,0.0,0.0,0.0,0.0
0.0,0.0,0.0,0.0,25261.913547778488
0.0,0.0,0.0,0.0,41925.60040879831
0.0,0.0,0.0,0.0,7266.771604639693
0.0,0.0,0.0,0.0,0.0
0.0,0.0,0.0,0.0,0.0
0.0,0.0,0.0,0.0,0.0
0.0,0.0,0.0,0.0,0.0
0.0,0.0,0.0,0.0,0.0
0.0,0.0,0.0,0.0,0.0
0.0,0.0,0.0,0.0,0.0
0.0,0.0,0.0,0.0,0.0
0.0,0.0,0.0,0.0,0.0
0.0,0.0,0.0,0.0,187302.90480906318
0.0,0.0,0.0,0.0,308588.91799710854
0.0,0.0,0.0,0.0,293062.27383614134
0.0,0.0,0.0,0.0,339313.7109672137
0.0,0.0,0.0,0.0,510729.1478012812
0.0,0.0,0.0,0.0,699145.7903871632
0.0,0.0,0.0,0.0,712788.0112874162
0.0,0.0,0.0,0.0,22091.617905954998
0.0,0.0,0.0,0.0,0.0
0.0,0.0,0.0,0.0,0.0
0.0,0.0,0.0,0.0,0.0
0.0,0.0,0.0,0.0,0.0
0.0,0.0,0.0,0.0,34095.5406967642
0.0,0.0,0.0,0.0,340846.7136693078
0.0,0.0,0.0,0.0,473257.8421484495
0.0,0.0,0.0,0.0,461428.29627724533
0.0,0.0,0.0,0.0,352784.97592874884
0.0,0.0,0.0,0.0,155070.29353224713
0.0,0.0,0.0,0.0,0.0
0.0,0.0,0.0,0.0,0.0
0.0,0.0,0.0,0.0,0.0
0.0,0.0,0.0,0.0,0.0
0.0,0.0,0.0,0.0,0.0
0.0,0.0,0.0,0.0,0.0
0.0,0.0,0.0,0.0,433478.87757244025
0.0,0.0,0.0,0.0,537069.742922198
0.0,0.0,0.0,0.0,591068.4871827232
0.0,0.0,0.0,0.0,393581.06579364743
0.0,0.0,0.0,0.0,427832.1013278065
0.0,0.0,0.0,0.0,503983.25937900355
0.0,0.0,0.0,0.0,435147.68384078366
0.0,0.0,0.0,0.0,0.0
0.0,0.0,0.0,0.0,0.0
0.0,0.0,0.0,0.0,0.0
0.0,0.0,0.0,0.0,0.0
0.0,0.0,0.0,0.0,0.0
0.0,0.0,0.0,0.0,0.0
0.0,0.0,0.0,0.0,0.0
0.0,0.0,0.0,0.0,29143.856806482803
0.0,0.0,0.0,0.0,384.970574033116
0.0,0.0,0.0,0.0,696.0662905356912
0.0,0.0,0.0,0.0,813.363329131699
0.0,0.0,0.0,0.0,700.4804806319761
0.0,0.0,0.0,0.0,416.8309899907982
0.0,0.0,0.0,0.0,77.31435015450003
0.0,0.0,0.0,0.0,0.0
0.0,0.0,0.0,0.0,319.2957743335605
0.0,0.0,0.0,0.0,1755.608674650139
0.0,0.0,0.0,0.0,1755.608674650139
0.0,0.0,0.0,0.0,1755.608674650139
0.0,0.0,0.0,0.0,1755.608674650139
0.0,0.0,0.0,0.0,1755.608674650139
0.0,0.0,0.0,0.0,1755.608674650139
0.0,0.0,0.0,0.0,1755.608674650139
0.0,0.0,0.0,0.0,1755.608674650139
0.0,0.0,0.0,0.0,390.91913739098817
0.0,0.0,0.0,0.0,1519.589461774706
0.0,0.0,0.0,0.0,44.37355859375
0.0,0.0,0.0,0.0,749.3063667930279
0.0,0.0,0.0,0.0,394.4198106960057
0.0,0.0,0.0,0.0,42.4509609375
0.0,0.0,0.0,0.0,41.66760546875072
0.0,0.0,0.0,0.0,41.66807421874891
0.0,0.0,0.0,0.0,42.326097656247725
0.0,0.0,0.0,0.0,15564.35322295451
0.0,0.0,0.0,0.0,17783.743918710803
0.0,0.0,0.0,0.0,0.0
0.0,0.0,0.0,0.0,0.0
0.0,0.0,0.0,0.0,0.0
0.0,0.0,0.0,0.0,0.0
0.0,0.0,0.0,0.0,0.0
0.0,0.0,0.0,0.0,0.0
0.0,0.0,0.0,0.0,28597.00183003534
0.0,0.0,0.0,0.0,46065.156751989794
0.0,0.0,0.0,0.0,42670.61951200783
0.0,0.0,0.0,0.0,41237.80873463795
0.0,0.0,0.0,0.0,221.58544957736297
0.0,0.0,0.0,0.0,45.246653631133434
0.0,0.0,0.0,0.0,4781.323386102756
0.0,0.0,0.0,0.0,717.198507916014
0.0,0.0,0.0,0.0,0.0
0.0,0.0,0.0,0.0,0.0
0.0,0.0,0.0,0.0,0.0
0.0,0.0,0.0,0.0,0.0
0.0,0.0,0.0,0.0,0.0
0.0,0.0,0.0,0.0,0.0
0.0,0.0,0.0,0.0,0.0
0.0,0.0,0.0,0.0,0.0
0.0,0.0,0.0,0.0,0.0
0.0,0.0,0.0,0.0,0.0
0.0,0.0,0.0,0.0,0.0
0.0,0.0,0.0,0.0,0.0
0.0,0.0,0.0,0.0,0.0
0.0,0.0,0.0,0.0,0.0
0.0,0.0,0.0,0.0,0.0
0.0,0.0,0.0,0.0,0.0
0.0,0.0,0.0,0.0,0.0
0.0,0.0,0.0,0.0,226799.41716225917
0.0,0.0,0.0,0.0,829091.4685960416
0.0,0.0,0.0,0.0,900821.3559635169
0.0,0.0,0.0,0.0,1.07430105237919e6
0.0,0.0,0.0,0.0,996071.9220637259
0.0,0.0,0.0,0.0,407367.10926810274
0.0,0.0,0.0,0.0,0.0
0.0,0.0,0.0,0.0,0.0
0.0,0.0,0.0,0.0,0.0
0.0,0.0,0.0,0.0,0.0
0.0,0.0,0.0,0.0,0.0
0.0,0.0,0.0,0.0,50163.67221979996
0.0,0.0,0.0,0.0,215255.11582183372
0.0,0.0,0.0,0.0,699399.7170780738
0.0,0.0,0.0,0.0,511613.36669603066
0.0,0.0,0.0,0.0,279869.81634147576
0.0,0.0,0.0,0.0,60186.497828966356
0.0,0.0,0.0,0.0,2244.3462798159735
0.0,0.0,0.0,0.0,0.0
0.0,0.0,0.0,0.0,0.0
0.0,0.0,0.0,0.0,0.0
0.0,0.0,0.0,0.0,0.0
0.0,0.0,0.0,0.0,0.0
0.0,0.0,0.0,0.0,4460.070944140088
0.0,0.0,0.0,0.0,202657.3268057576
0.0,0.0,0.0,0.0,65532.18002039417
0.0,0.0,0.0,0.0,409488.3403227354
0.0,0.0,0.0,0.0,471450.3667431526
0.0,0.0,0.0,0.0,466312.5750462628
0.0,0.0,0.0,0.0,151570.26189777607
0.0,0.0,0.0,0.0,0.0
0.0,0.0,0.0,0.0,0.0
0.0,0.0,0.0,0.0,0.0
0.0,0.0,0.0,0.0,0.0
0.0,0.0,0.0,0.0,0.0
0.0,0.0,0.0,0.0,21955.08884097339
0.0,0.0,0.0,0.0,200334.61353508008
0.0,0.0,0.0,0.0,269304.4766407021
0.0,0.0,0.0,0.0,234169.3852376563
0.0,0.0,0.0,0.0,188577.54375230832
0.0,0.0,0.0,0.0,106112.4921093053
0.0,0.0,0.0,0.0,23736.207983323522
0.0,0.0,0.0,0.0,0.0
0.0,0.0,0.0,0.0,0.0
0.0,0.0,0.0,0.0,0.0
0.0,0.0,0.0,0.0,0.0
0.0,0.0,0.0,0.0,49.25899609375001
0.0,0.0,0.0,0.0,23.76004161534482
0.0,0.0,0.0,0.0,45.907375
0.0,0.0,0.0,0.0,30.77634906227326
0.0,0.0,0.0,0.0,42.80673828125
0.0,0.0,0.0,0.0,41.68215625000001
0.0,0.0,0.0,0.0,26.139431076514807
0.0,0.0,0.0,0.0,41.67658203125
0.0,0.0,0.0,0.0,0.0
0.0,0.0,0.0,0.0,43.76131640625
0.0,0.0,0.0,0.0,43.037003906250014
0.0,0.0,0.0,0.0,0.0
0.0,0.0,0.0,0.0,40.6586328125
0.0,0.0,0.0,0.0,0.0
0.0,0.0,0.0,0.0,15.942110197070054
0.0,0.0,0.0,0.0,35.26957421875001
0.0,0.0,0.0,0.0,34.264609375
0.0,0.0,0.0,0.0,33.73911328125
0.0,0.0,0.0,0.0,19.885270710495245
0.0,0.0,0.0,0.0,33.99038281250001
0.0,0.0,0.0,0.0,35.0398515625
0.0,0.0,0.0,0.0,36.52255859375
0.0,0.0,0.0,0.0,0.0
0.0,0.0,0.0,0.0,38.189453125
0.0,0.0,0.0,0.0,38.17075
0.0,0.0,0.0,0.0,0.0
0.0,0.0,0.0,0.0,0.0
0.0,0.0,0.0,0.0,35.163769531250004
0.0,0.0,0.0,0.0,34.383640625
0.0,0.0,0.0,0.0,33.75194531249999
0.0,0.0,0.0,0.0,0.0
0.0,0.0,0.0,0.0,33.59587109375
0.0,0.0,0.0,0.0,34.81406640625001
0.0,0.0,0.0,0.0,21.40550867992572
0.0,0.0,0.0,0.0,35.742964843749995
0.0,0.0,0.0,0.0,35.14323046874999
0.0,0.0,0.0,0.0,34.1864140625
0.0,0.0,0.0,0.0,17.098058270591523
0.0,0.0,0.0,0.0,0.0
0.0,0.0,0.0,0.0,0.0
0.0,0.0,0.0,0.0,28.852283203125
0.0,0.0,0.0,0.0,28.226392578125004
0.0,0.0,0.0,0.0,27.94725000000001
0.0,0.0,0.0,0.0,28.018560546875005
0.0,0.0,0.0,0.0,28.582828125
0.0,0.0,0.0,0.0,29.511476562500004
0.0,0.0,0.0,0.0,30.435939453124995
0.0,0.0,0.0,0.0,31.792544921875002
0.0,0.0,0.0,0.0,1755.608674650139
0.0,0.0,0.0,0.0,33.58385546875
0.0,0.0,0.0,0.0,34.104124999999996
0.0,0.0,0.0,0.0,34.33659765625
0.0,0.0,0.0,0.0,34.33012890625
0.0,0.0,0.0,0.0,34.05673828125
0.0,0.0,0.0,0.0,34.11191796875001
0.0,0.0,0.0,0.0,1755.608674650139
0.0,0.0,0.0,0.0,36.06435156249999
0.0,0.0,0.0,0.0,37.09283203125
0.0,0.0,0.0,0.0,36.91630859375
0.0,0.0,0.0,0.0,36.09669140625
0.0,0.0,0.0,0.0,34.341632812500016
0.0,0.0,0.0,0.0,32.24384375
0.0,0.0,0.0,0.0,206.8097781989735
0.0,0.0,0.0,0.0,29.099976562500007
0.0,0.0,0.0,0.0,1755.608674650139
0.0,0.0,0.0,0.0,1755.608674650139
0.0,0.0,0.0,0.0,1755.608674650139
0.0,0.0,0.0,0.0,31.085314453125
0.0,0.0,0.0,0.0,1430.0682638476403
0.0,0.0,0.0,0.0,885.4235638622982
0.0,0.0,0.0,0.0,39.40961328125
0.0,0.0,0.0,0.0,359.32842380569576
0.0,0.0,0.0,0.0,1596.0059889955658
0.0,0.0,0.0,0.0,1755.608674650139
0.0,0.0,0.0,0.0,232.36959144501876
0.0,0.0,0.0,0.0,37.04324609375001
0.0,0.0,0.0,0.0,36.463089843750005
0.0,0.0,0.0,0.0,1679.0955882832434
0.0,0.0,0.0,0.0,1755.608674650139
0.0,0.0,0.0,0.0,266.46742187500547
0.0,0.0,0.0,0.0,37.93141015624993
0.0,0.0,0.0,0.0,0.0
0.0,0.0,0.0,0.0,0.0
0.0,0.0,0.0,0.0,0.0
0.0,0.0,0.0,0.0,0.0
0.0,0.0,0.0,0.0,0.0
0.0,0.0,0.0,0.0,0.0
0.0,0.0,0.0,0.0,0.0
0.0,0.0,0.0,0.0,0.0
0.0,0.0,0.0,0.0,0.0
0.0,0.0,0.0,0.0,0.0
0.0,0.0,0.0,0.0,0.0
0.0,0.0,0.0,0.0,0.0
0.0,0.0,0.0,0.0,0.0
0.0,0.0,0.0,0.0,0.0
0.0,0.0,0.0,0.0,0.0
0.0,0.0,0.0,0.0,0.0
0.0,0.0,0.0,0.0,316596.16383486567
0.0,0.0,0.0,0.0,461272.30349228607
0.0,0.0,0.0,0.0,600135.0206658469
0.0,0.0,0.0,0.0,632836.5243081785
0.0,0.0,0.0,0.0,663052.5993746304
0.0,0.0,0.0,0.0,777835.280577063
0.0,0.0,0.0,0.0,586972.2219899261
0.0,0.0,0.0,0.0,143819.37242358385
0.0,0.0,0.0,0.0,0.0
0.0,0.0,0.0,0.0,0.0
0.0,0.0,0.0,0.0,0.0
0.0,0.0,0.0,0.0,0.0
0.0,0.0,0.0,0.0,0.0
0.0,0.0,0.0,0.0,0.0
0.0,0.0,0.0,0.0,0.0
0.0,0.0,0.0,0.0,0.0
0.0,0.0,0.0,0.0,0.0
0.0,0.0,0.0,0.0,0.0
0.0,0.0,0.0,0.0,0.0
0.0,0.0,0.0,0.0,0.0
0.0,0.0,0.0,0.0,0.0
0.0,0.0,0.0,0.0,0.0
0.0,0.0,0.0,0.0,0.0
0.0,0.0,0.0,0.0,0.0
0.0,0.0,0.0,0.0,509.93211587201483
0.0,0.0,0.0,0.0,828.0289776048388
0.0,0.0,0.0,0.0,1038.9393252092352
0.0,0.0,0.0,0.0,1291.6278715882436
0.0,0.0,0.0,0.0,745.3760621495621
0.0,0.0,0.0,0.0,35.40716015625001
0.0,0.0,0.0,0.0,102.51565701818693
0.0,0.0,0.0,0.0,37.55021484375
0.0,0.0,0.0,0.0,0.0
0.0,0.0,0.0,0.0,0.0
0.0,0.0,0.0,0.0,0.0
0.0,0.0,0.0,0.0,40.05789453125
0.0,0.0,0.0,0.0,38.40129687500001
0.0,0.0,0.0,0.0,37.137007812499995
0.0,0.0,0.0,0.0,36.73015234375001
0.0,0.0,0.0,0.0,36.856367187500005
0.0,0.0,0.0,0.0,37.40230859375
0.0,0.0,0.0,0.0,38.54672265625
0.0,0.0,0.0,0.0,40.83597656250001
0.0,0.0,0.0,0.0,28.843397473417465
0.0,0.0,0.0,0.0,12.319805770364685
0.0,0.0,0.0,0.0,30.594683326120446
0.0,0.0,0.0,0.0,46.33971484375
0.0,0.0,0.0,0.0,43.75742578125001
0.0,0.0,0.0,0.0,41.63105078125001
0.0,0.0,0.0,0.0,39.919882812500006
0.0,0.0,0.0,0.0,20.29586840759689
0.0,0.0,0.0,0.0,37.60153125000001
0.0,0.0,0.0,0.0,36.905714843750005
0.0,0.0,0.0,0.0,36.77958984375001
0.0,0.0,0.0,0.0,37.31565625000001
0.0,0.0,0.0,0.0,39.35264062500001
0.0,0.0,0.0,0.0,39.867929370010906
0.0,0.0,0.0,0.0,0.0
0.0,0.0,0.0,0.0,40.79933984375
0.0,0.0,0.0,0.0,0.0
0.0,0.0,0.0,0.0,36.43214062500001
0.0,0.0,0.0,0.0,34.60938671875
0.0,0.0,0.0,0.0,33.52815234375
0.0,0.0,0.0,0.0,1755.608674650139
0.0,0.0,0.0,0.0,1755.608674650139
0.0,0.0,0.0,0.0,33.0872578125
0.0,0.0,0.0,0.0,1755.608674650139
0.0,0.0,0.0,0.0,37.44658203125
0.0,0.0,0.0,0.0,40.70371484375001
0.0,0.0,0.0,0.0,821.9375439154718
0.0,0.0,0.0,0.0,40.30078515625
0.0,0.0,0.0,0.0,40.01302734374999
0.0,0.0,0.0,0.0,804.3004811976114
0.0,0.0,0.0,0.0,1755.608674650139
0.0,0.0,0.0,0.0,1755.608674650139
0.0,0.0,0.0,0.0,37.10789453125
0.0,0.0,0.0,0.0,1755.608674650139
0.0,0.0,0.0,0.0,36.08223828125
0.0,0.0,0.0,0.0,36.16522265625
0.0,0.0,0.0,0.0,367.870687856889
0.0,0.0,0.0,0.0,99.59455813375051
0.0,0.0,0.0,0.0,36.93026171875
0.0,0.0,0.0,0.0,36.12557812499999
0.0,0.0,0.0,0.0,914.3257588944025
0.0,0.0,0.0,0.0,33.01930078125001
0.0,0.0,0.0,0.0,305.7064400566189
0.0,0.0,0.0,0.0,1406.074205273679
0.0,0.0,0.0,0.0,478202.8280233803
0.0,0.0,0.0,0.0,52396.77804744786
0.0,0.0,0.0,0.0,143788.8055983821
0.0,0.0,0.0,0.0,8084.224574613229
0.0,0.0,0.0,0.0,85277.14006987808
0.0,0.0,0.0,0.0,2864.943553768134
0.0,0.0,0.0,0.0,82875.69470897214
0.0,0.0,0.0,0.0,2.6465761908159493
0.0,0.0,0.0,0.0,166666.67507316408
0.0,0.0,0.0,0.0,243466.17034259724
0.0,0.0,0.0,0.0,232841.88493175586
0.0,0.0,0.0,0.0,206115.36229386862
0.0,0.0,0.0,0.0,0.0
0.0,0.0,0.0,0.0,0.0
0.0,0.0,0.0,0.0,42231.62232811891
0.0,0.0,0.0,0.0,132772.12191750255
0.0,0.0,0.0,0.0,0.0
0.0,0.0,0.0,0.0,0.0
0.0,0.0,0.0,0.0,0.0
0.0,0.0,0.0,0.0,0.0
0.0,0.0,0.0,0.0,0.0
0.0,0.0,0.0,0.0,0.0
0.0,0.0,0.0,0.0,0.0
0.0,0.0,0.0,0.0,0.0
0.0,0.0,0.0,0.0,0.0
0.0,0.0,0.0,0.0,0.0
0.0,0.0,0.0,0.0,0.0
0.0,0.0,0.0,0.0,0.0
0.0,0.0,0.0,0.0,0.0
0.0,0.0,0.0,0.0,0.0
0.0,0.0,0.0,0.0,0.0
0.0,0.0,0.0,0.0,0.0
0.0,0.0,0.0,0.0,0.0
0.0,0.0,0.0,0.0,378677.6921289762
0.0,0.0,0.0,0.0,590464.0008022953
0.0,0.0,0.0,0.0,500982.252539968
0.0,0.0,0.0,0.0,401062.7787383028
0.0,0.0,0.0,0.0,578209.0427687685
0.0,0.0,0.0,0.0,805367.0152053364
0.0,0.0,0.0,0.0,788684.8981170543
0.0,0.0,0.0,0.0,426121.430915624
0.0,0.0,0.0,0.0,0.0
0.0,0.0,0.0,0.0,0.0
0.0,0.0,0.0,0.0,0.0
0.0,0.0,0.0,0.0,0.0
0.0,0.0,0.0,0.0,0.0
0.0,0.0,0.0,0.0,0.0
0.0,0.0,0.0,0.0,0.0
0.0,0.0,0.0,0.0,0.0
0.0,0.0,0.0,0.0,0.0
0.0,0.0,0.0,0.0,0.0
0.0,0.0,0.0,0.0,0.0
0.0,0.0,0.0,0.0,0.0
0.0,0.0,0.0,0.0,0.0
0.0,0.0,0.0,0.0,0.0
0.0,0.0,0.0,0.0,0.0
0.0,0.0,0.0,0.0,297873.32788254204
0.0,0.0,0.0,0.0,743795.2508839414
0.0,0.0,0.0,0.0,698184.6304242996
0.0,0.0,0.0,0.0,540119.6256033663
0.0,0.0,0.0,0.0,491104.04915119754
0.0,0.0,0.0,0.0,540435.243423921
0.0,0.0,0.0,0.0,617725.2072478089
0.0,0.0,0.0,0.0,589498.9583507685
0.0,0.0,0.0,0.0,104246.53296029821
0.0,0.0,0.0,0.0,0.0
0.0,0.0,0.0,0.0,0.0
0.0,0.0,0.0,0.0,0.0
0.0,0.0,0.0,0.0,0.0
0.0,0.0,0.0,0.0,0.0
0.0,0.0,0.0,0.0,0.0
0.0,0.0,0.0,0.0,35288.20244501678
0.0,0.0,0.0,0.0,52.871066394394965
0.0,0.0,0.0,0.0,36.669707031250006
0.0,0.0,0.0,0.0,37.75893359375
0.0,0.0,0.0,0.0,40.017917968750005
0.0,0.0,0.0,0.0,44.22190625
0.0,0.0,0.0,0.0,48.53554296874999
0.0,0.0,0.0,0.0,48.09582812500001
0.0,0.0,0.0,0.0,45.84980078125001
0.0,0.0,0.0,0.0,43.63689453125001
0.0,0.0,0.0,0.0,41.63574609375
0.0,0.0,0.0,0.0,39.601167968750005
0.0,0.0,0.0,0.0,38.051855468750006
0.0,0.0,0.0,0.0,37.0546796875
0.0,0.0,0.0,0.0,31.14302348661523
0.0,0.0,0.0,0.0,35.90991406250001
0.0,0.0,0.0,0.0,0.0
0.0,0.0,0.0,0.0,0.0
0.0,0.0,0.0,0.0,40.42783203125
0.0,0.0,0.0,0.0,40.786542968750005
0.0,0.0,0.0,0.0,40.31268359375001
0.0,0.0,0.0,0.0,39.07462109375
0.0,0.0,0.0,0.0,0.0
0.0,0.0,0.0,0.0,35.1603046875
0.0,0.0,0.0,0.0,0.0
0.0,0.0,0.0,0.0,34.20121875
0.0,0.0,0.0,0.0,34.33741796875001
0.0,0.0,0.0,0.0,35.06382421875001
0.0,0.0,0.0,0.0,36.891515625000004
0.0,0.0,0.0,0.0,40.61016796875
0.0,0.0,0.0,0.0,44.37335546875001
0.0,0.0,0.0,0.0,0.0
0.0,0.0,0.0,0.0,41.63459765625
0.0,0.0,0.0,0.0,39.66831640625001
0.0,0.0,0.0,0.0,38.034863281250004
0.0,0.0,0.0,0.0,36.71136328125001
0.0,0.0,0.0,0.0,35.79634765625
0.0,0.0,0.0,0.0,35.41295312500001
0.0,0.0,0.0,0.0,34.9438359375
0.0,0.0,0.0,0.0,34.91521093750001
0.0,0.0,0.0,0.0,35.068667968750006
0.0,0.0,0.0,0.0,36.12455078125
0.0,0.0,0.0,0.0,37.746613281250006
0.0,0.0,0.0,0.0,37.587109375000004
0.0,0.0,0.0,0.0,36.8031875
0.0,0.0,0.0,0.0,35.061640625
0.0,0.0,0.0,0.0,32.7091015625
0.0,0.0,0.0,0.0,30.775353515625
0.0,0.0,0.0,0.0,29.605232421875012
0.0,0.0,0.0,0.0,29.218087890625004
0.0,0.0,0.0,0.0,1755.608674650139
0.0,0.0,0.0,0.0,1755.608674650139
0.0,0.0,0.0,0.0,1484.051326984186
0.0,0.0,0.0,0.0,724.3514935532701
0.0,0.0,0.0,0.0,223.52700414650346
0.0,0.0,0.0,0.0,37.73705859375001
0.0,0.0,0.0,0.0,1489.72738925007
0.0,0.0,0.0,0.0,36.82317578125001
0.0,0.0,0.0,0.0,1755.608674650139
0.0,0.0,0.0,0.0,1755.608674650139
0.0,0.0,0.0,0.0,155.01931679687502
0.0,0.0,0.0,0.0,36.02350390625
0.0,0.0,0.0,0.0,153.98503242187502
0.0,0.0,0.0,0.0,1755.608674650139
0.0,0.0,0.0,0.0,35.7980703125
0.0,0.0,0.0,0.0,906.4445718849772
0.0,0.0,0.0,0.0,0.0
0.0,0.0,0.0,0.0,0.0
0.0,0.0,0.0,0.0,38.28976953125
0.0,0.0,0.0,0.0,729.0867184025949
0.0,0.0,0.0,0.0,916.7780875119973
0.0,0.0,0.0,0.0,1055.3022616415597
0.0,0.0,0.0,0.0,1001.3000151705903
0.0,0.0,0.0,0.0,31.753294921874993
0.0,0.0,0.0,0.0,32.051849609375004
0.0,0.0,0.0,0.0,32.879671875
0.0,0.0,0.0,0.0,0.0
0.0,0.0,0.0,0.0,0.0
0.0,0.0,0.0,0.0,0.0
0.0,0.0,0.0,0.0,0.0
0.0,0.0,0.0,0.0,0.0
0.0,0.0,0.0,0.0,0.0
0.0,0.0,0.0,0.0,0.0
0.0,0.0,0.0,0.0,39.06659375000001
0.0,0.0,0.0,0.0,37.789390625
0.0,0.0,0.0,0.0,36.80480078125
0.0,0.0,0.0,0.0,36.06780078125
0.0,0.0,0.0,0.0,35.806855468749994
0.0,0.0,0.0,0.0,36.32229296875001
0.0,0.0,0.0,0.0,38.13630078125
0.0,0.0,0.0,0.0,0.0
0.0,0.0,0.0,0.0,0.0
0.0,0.0,0.0,0.0,0.0
0.0,0.0,0.0,0.0,485.98883873557526
0.0,0.0,0.0,0.0,37.41542578125
0.0,0.0,0.0,0.0,35.859765625
0.0,0.0,0.0,0.0,1630.7108488632239
0.0,0.0,0.0,0.0,1637.314075633978
0.0,0.0,0.0,0.0,1619.1160070098888
0.0,0.0,0.0,0.0,1124.9118897820251
0.0,0.0,0.0,0.0,1155.617231361076
0.0,0.0,0.0,0.0,899.8566169085749
0.0,0.0,0.0,0.0,386.8044138982445
0.0,0.0,0.0,0.0,323.4500235792361
0.0,0.0,0.0,0.0,208.66170920004663
0.0,0.0,0.0,0.0,227731.2169127087
0.0,0.0,0.0,0.0,313319.0513959682
0.0,0.0,0.0,0.0,373010.1141373881
0.0,0.0,0.0,0.0,429417.6177573181
0.0,0.0,0.0,0.0,240301.18021627943
0.0,0.0,0.0,0.0,384522.47649789375
0.0,0.0,0.0,0.0,731176.2147552875
0.0,0.0,0.0,0.0,643440.6747223252
0.0,0.0,0.0,0.0,254893.15170967364
0.0,0.0,0.0,0.0,0.0
0.0,0.0,0.0,0.0,0.0
0.0,0.0,0.0,0.0,0.0
0.0,0.0,0.0,0.0,0.0
0.0,0.0,0.0,0.0,0.0
0.0,0.0,0.0,0.0,0.0
0.0,0.0,0.0,0.0,0.0
0.0,0.0,0.0,0.0,0.0
0.0,0.0,0.0,0.0,0.0
0.0,0.0,0.0,0.0,0.0
0.0,0.0,0.0,0.0,0.0
0.0,0.0,0.0,0.0,0.0
0.0,0.0,0.0,0.0,0.0
0.0,0.0,0.0,0.0,0.0
0.0,0.0,0.0,0.0,0.0
0.0,0.0,0.0,0.0,0.0
0.0,0.0,0.0,0.0,0.0
0.0,0.0,0.0,0.0,64046.739062702545
0.0,0.0,0.0,0.0,243544.52180851166
0.0,0.0,0.0,0.0,442827.66541137063
0.0,0.0,0.0,0.0,607368.1923961168
0.0,0.0,0.0,0.0,835570.8049731195
0.0,0.0,0.0,0.0,1755.608674650139
0.0,0.0,0.0,0.0,1755.608674650139
0.0,0.0,0.0,0.0,457203.0574625986
0.0,0.0,0.0,0.0,218607.47443220796
0.0,0.0,0.0,0.0,405217.2861375576
0.0,0.0,0.0,0.0,342926.3471285828
0.0,0.0,0.0,0.0,275647.08703477477
0.0,0.0,0.0,0.0,135235.04172902915
0.0,0.0,0.0,0.0,0.0
0.0,0.0,0.0,0.0,0.0
0.0,0.0,0.0,0.0,0.0
0.0,0.0,0.0,0.0,0.0
0.0,0.0,0.0,0.0,0.0
0.0,0.0,0.0,0.0,0.0
0.0,0.0,0.0,0.0,0.0
0.0,0.0,0.0,0.0,0.0
0.0,0.0,0.0,0.0,0.0
0.0,0.0,0.0,0.0,0.0
0.0,0.0,0.0,0.0,0.0
0.0,0.0,0.0,0.0,173215.27389053995
0.0,0.0,0.0,0.0,687185.2167227829
0.0,0.0,0.0,0.0,1755.608674650139
0.0,0.0,0.0,0.0,1755.608674650139
0.0,0.0,0.0,0.0,554376.0547707538
0.0,0.0,0.0,0.0,322509.09251262137
0.0,0.0,0.0,0.0,260614.2506823142
0.0,0.0,0.0,0.0,0.0
0.0,0.0,0.0,0.0,0.0
0.0,0.0,0.0,0.0,0.0
0.0,0.0,0.0,0.0,2662.6312903484236
0.0,0.0,0.0,0.0,437261.44946670765
0.0,0.0,0.0,0.0,555177.9354802398
0.0,0.0,0.0,0.0,443908.8844952273
0.0,0.0,0.0,0.0,187174.11017027334
0.0,0.0,0.0,0.0,0.0
0.0,0.0,0.0,0.0,0.0
0.0,0.0,0.0,0.0,0.0
0.0,0.0,0.0,0.0,0.0
0.0,0.0,0.0,0.0,0.0
0.0,0.0,0.0,0.0,0.0
0.0,0.0,0.0,0.0,40476.72641627705
0.0,0.0,0.0,0.0,204353.51427169453
0.0,0.0,0.0,0.0,0.0
0.0,0.0,0.0,0.0,0.0
0.0,0.0,0.0,0.0,0.0
0.0,0.0,0.0,0.0,52410.332396948615
0.0,0.0,0.0,0.0,123937.81902257189
0.0,0.0,0.0,0.0,57388.97365502975
0.0,0.0,0.0,0.0,0.0
0.0,0.0,0.0,0.0,0.0
0.0,0.0,0.0,0.0,0.0
0.0,0.0,0.0,0.0,0.0
0.0,0.0,0.0,0.0,0.0
0.0,0.0,0.0,0.0,0.0
0.0,0.0,0.0,0.0,0.0
0.0,0.0,0.0,0.0,0.0
0.0,0.0,0.0,0.0,19827.47370307028
0.0,0.0,0.0,0.0,11161.801295657326
0.0,0.0,0.0,0.0,0.0
0.0,0.0,0.0,0.0,0.0
0.0,0.0,0.0,0.0,0.0
0.0,0.0,0.0,0.0,0.0
0.0,0.0,0.0,0.0,0.0
0.0,0.0,0.0,0.0,0.0
0.0,0.0,0.0,0.0,0.0
0.0,0.0,0.0,0.0,0.0
0.0,0.0,0.0,0.0,276809.33364596585
0.0,0.0,0.0,0.0,511544.4927291469
0.0,0.0,0.0,0.0,582987.0584799633
0.0,0.0,0.0,0.0,695872.7637361496
0.0,0.0,0.0,0.0,605677.4824009604
0.0,0.0,0.0,0.0,617756.8796836939
0.0,0.0,0.0,0.0,480104.2151350874
0.0,0.0,0.0,0.0,201514.0782820033
0.0,0.0,0.0,0.0,0.0
0.0,0.0,0.0,0.0,0.0
0.0,0.0,0.0,0.0,0.0
0.0,0.0,0.0,0.0,0.0
0.0,0.0,0.0,0.0,0.0
0.0,0.0,0.0,0.0,0.0
0.0,0.0,0.0,0.0,0.0
0.0,0.0,0.0,0.0,0.0
0.0,0.0,0.0,0.0,0.0
0.0,0.0,0.0,0.0,0.0
0.0,0.0,0.0,0.0,0.0
0.0,0.0,0.0,0.0,0.0
0.0,0.0,0.0,0.0,0.0
0.0,0.0,0.0,0.0,0.0
0.0,0.0,0.0,0.0,0.0
0.0,0.0,0.0,0.0,14.688954529869926
0.0,0.0,0.0,0.0,43.97040625000001
0.0,0.0,0.0,0.0,41.64011718750001
0.0,0.0,0.0,0.0,647.0225515523773
0.0,0.0,0.0,0.0,728.5069064007672
0.0,0.0,0.0,0.0,37.387968750000006
0.0,0.0,0.0,0.0,1360.6845289657747
0.0,0.0,0.0,0.0,37.607695312500006
0.0,0.0,0.0,0.0,39.31217578125
0.0,0.0,0.0,0.0,0.0
0.0,0.0,0.0,0.0,0.0
0.0,0.0,0.0,0.0,41.512628906250015
0.0,0.0,0.0,0.0,40.04194140625
0.0,0.0,0.0,0.0,790.0575520821543
0.0,0.0,0.0,0.0,1601.1371651602326
0.0,0.0,0.0,0.0,34.59269921875
0.0,0.0,0.0,0.0,1755.608674650139
0.0,0.0,0.0,0.0,851792.439603957
0.0,0.0,0.0,0.0,763637.5356232781
0.0,0.0,0.0,0.0,641942.3925203432
0.0,0.0,0.0,0.0,383915.4216711284
0.0,0.0,0.0,0.0,116370.05131928607
0.0,0.0,0.0,0.0,29863.871615737644
0.0,0.0,0.0,0.0,65003.970176295974
0.0,0.0,0.0,0.0,489174.9830309463
0.0,0.0,0.0,0.0,596411.73031912
0.0,0.0,0.0,0.0,525291.8119728813
0.0,0.0,0.0,0.0,514098.6540598551
0.0,0.0,0.0,0.0,410650.2542280222
0.0,0.0,0.0,0.0,449247.86491397955
0.0,0.0,0.0,0.0,310040.0516527481
0.0,0.0,0.0,0.0,0.0
0.0,0.0,0.0,0.0,0.0
0.0,0.0,0.0,0.0,0.0
0.0,0.0,0.0,0.0,0.0
0.0,0.0,0.0,0.0,148909.89532257707
0.0,0.0,0.0,0.0,242111.57385191252
0.0,0.0,0.0,0.0,11733.219921708256
0.0,0.0,0.0,0.0,0.0
0.0,0.0,0.0,0.0,0.0
0.0,0.0,0.0,0.0,0.0
0.0,0.0,0.0,0.0,0.0
0.0,0.0,0.0,0.0,17523.74206824978
0.0,0.0,0.0,0.0,169411.81646606515
0.0,0.0,0.0,0.0,156324.62115854747
0.0,0.0,0.0,0.0,44603.05866182294
0.0,0.0,0.0,0.0,12810.51132326691
0.0,0.0,0.0,0.0,0.0
0.0,0.0,0.0,0.0,0.0
0.0,0.0,0.0,0.0,0.0
0.0,0.0,0.0,0.0,0.0
0.0,0.0,0.0,0.0,0.0
0.0,0.0,0.0,0.0,0.0
0.0,0.0,0.0,0.0,0.0
0.0,0.0,0.0,0.0,0.0
0.0,0.0,0.0,0.0,0.0
0.0,0.0,0.0,0.0,0.0
0.0,0.0,0.0,0.0,0.0
0.0,0.0,0.0,0.0,0.0
0.0,0.0,0.0,0.0,0.0
0.0,0.0,0.0,0.0,0.0
0.0,0.0,0.0,0.0,0.0
0.0,0.0,0.0,0.0,4416.669666189597
0.0,0.0,0.0,0.0,61003.51959550385
0.0,0.0,0.0,0.0,189818.1757508488
0.0,0.0,0.0,0.0,609615.0048194967
0.0,0.0,0.0,0.0,422655.60785714217
0.0,0.0,0.0,0.0,456202.06561207067
0.0,0.0,0.0,0.0,399904.71267613076
0.0,0.0,0.0,0.0,271736.2182370307
0.0,0.0,0.0,0.0,272533.0961089562
0.0,0.0,0.0,0.0,179768.26041452237
0.0,0.0,0.0,0.0,41761.730860837175
0.0,0.0,0.0,0.0,221972.42120949965
0.0,0.0,0.0,0.0,586904.5564118183
0.0,0.0,0.0,0.0,328430.8057619024
0.0,0.0,0.0,0.0,640403.968623996
0.0,0.0,0.0,0.0,1.0414573238724057e6
0.0,0.0,0.0,0.0,1.0990594544430682e6
0.0,0.0,0.0,0.0,788640.0197817357
0.0,0.0,0.0,0.0,573843.0483584903
0.0,0.0,0.0,0.0,0.0
0.0,0.0,0.0,0.0,0.0
0.0,0.0,0.0,0.0,0.0
0.0,0.0,0.0,0.0,0.0
0.0,0.0,0.0,0.0,0.0
0.0,0.0,0.0,0.0,0.0
0.0,0.0,0.0,0.0,0.0
0.0,0.0,0.0,0.0,0.0
0.0,0.0,0.0,0.0,0.0
0.0,0.0,0.0,0.0,0.0
0.0,0.0,0.0,0.0,0.0
0.0,0.0,0.0,0.0,0.0
0.0,0.0,0.0,0.0,0.0
0.0,0.0,0.0,0.0,0.0
0.0,0.0,0.0,0.0,0.0
0.0,0.0,0.0,0.0,0.0
0.0,0.0,0.0,0.0,0.0
0.0,0.0,0.0,0.0,119917.05180702772
0.0,0.0,0.0,0.0,236535.47796591427
0.0,0.0,0.0,0.0,479669.02270987275
0.0,0.0,0.0,0.0,652550.5097512482
0.0,0.0,0.0,0.0,882252.6628106198
0.0,0.0,0.0,0.0,968845.6822698438
0.0,0.0,0.0,0.0,559828.6220449458
0.0,0.0,0.0,0.0,0.0
0.0,0.0,0.0,0.0,0.0
0.0,0.0,0.0,0.0,0.0
0.0,0.0,0.0,0.0,130587.12126494329
0.0,0.0,0.0,0.0,466336.7589968366
0.0,0.0,0.0,0.0,708733.9342757153
0.0,0.0,0.0,0.0,806858.7772514255
0.0,0.0,0.0,0.0,748479.9734400931
0.0,0.0,0.0,0.0,577570.6479665621
0.0,0.0,0.0,0.0,208223.857252341
0.0,0.0,0.0,0.0,0.0
0.0,0.0,0.0,0.0,0.0
0.0,0.0,0.0,0.0,0.0
0.0,0.0,0.0,0.0,0.0
0.0,0.0,0.0,0.0,0.0
0.0,0.0,0.0,0.0,0.0
0.0,0.0,0.0,0.0,0.0
0.0,0.0,0.0,0.0,0.0
0.0,0.0,0.0,0.0,0.0
0.0,0.0,0.0,0.0,17459.981581309854
0.0,0.0,0.0,0.0,165006.79051681978
0.0,0.0,0.0,0.0,125356.88551700466
0.0,0.0,0.0,0.0,0.0
0.0,0.0,0.0,0.0,0.0
0.0,0.0,0.0,0.0,0.0
0.0,0.0,0.0,0.0,0.0
0.0,0.0,0.0,0.0,0.0
0.0,0.0,0.0,0.0,0.0
0.0,0.0,0.0,0.0,0.0
0.0,0.0,0.0,0.0,0.0
0.0,0.0,0.0,0.0,0.0
0.0,0.0,0.0,0.0,138556.28901958867
0.0,0.0,0.0,0.0,148053.1073777096
0.0,0.0,0.0,0.0,99392.37278171167
0.0,0.0,0.0,0.0,65145.229769212194
0.0,0.0,0.0,0.0,0.0
0.0,0.0,0.0,0.0,0.0
0.0,0.0,0.0,0.0,0.0
0.0,0.0,0.0,0.0,0.0
0.0,0.0,0.0,0.0,40.42644921875001
0.0,0.0,0.0,0.0,39.69574218750001
0.0,0.0,0.0,0.0,0.0
0.0,0.0,0.0,0.0,37.49155078125
0.0,0.0,0.0,0.0,0.0
0.0,0.0,0.0,0.0,3.7445192797216755
0.0,0.0,0.0,0.0,18.863306542248885
0.0,0.0,0.0,0.0,36.77318359375
0.0,0.0,0.0,0.0,37.03047265625001
0.0,0.0,0.0,0.0,38.56729296875002
0.0,0.0,0.0,0.0,38.3655390625
0.0,0.0,0.0,0.0,37.59588671875001
0.0,0.0,0.0,0.0,0.0
0.0,0.0,0.0,0.0,33.44702734375001
0.0,0.0,0.0,0.0,0.0
0.0,0.0,0.0,0.0,29.623966796875003
0.0,0.0,0.0,0.0,28.786349609375
0.0,0.0,0.0,0.0,28.374804687500006
0.0,0.0,0.0,0.0,28.443814453125007
0.0,0.0,0.0,0.0,29.403828125000004
0.0,0.0,0.0,0.0,32.188642578125
0.0,0.0,0.0,0.0,35.4637109375
0.0,0.0,0.0,0.0,35.70213671875
0.0,0.0,0.0,0.0,36.09898828125
0.0,0.0,0.0,0.0,36.726121093749995
0.0,0.0,0.0,0.0,37.25404687499999
0.0,0.0,0.0,0.0,37.51693359375
0.0,0.0,0.0,0.0,37.854984375
0.0,0.0,0.0,0.0,1755.608674650139
0.0,0.0,0.0,0.0,622.8144186951029
0.0,0.0,0.0,0.0,577.2759098848302
0.0,0.0,0.0,0.0,38.343035156250004
0.0,0.0,0.0,0.0,1755.608674650139
0.0,0.0,0.0,0.0,39.809519531250004
0.0,0.0,0.0,0.0,39.60241015625
0.0,0.0,0.0,0.0,38.596894531249994
0.0,0.0,0.0,0.0,36.58488671875
0.0,0.0,0.0,0.0,146.12268398437502
0.0,0.0,0.0,0.0,175.48235314362498
0.0,0.0,0.0,0.0,1755.608674650139
0.0,0.0,0.0,0.0,1755.608674650139
0.0,0.0,0.0,0.0,28.266130859375007
0.0,0.0,0.0,0.0,1755.608674650139
0.0,0.0,0.0,0.0,1564.4009673859105
0.0,0.0,0.0,0.0,615.0880107517664
0.0,0.0,0.0,0.0,150.586218359375
0.0,0.0,0.0,0.0,1333.6907998993381
0.0,0.0,0.0,0.0,1755.608674650139
0.0,0.0,0.0,0.0,1755.608674650139
0.0,0.0,0.0,0.0,1755.608674650139
0.0,0.0,0.0,0.0,38.19715234375
0.0,0.0,0.0,0.0,38.2362890625
0.0,0.0,0.0,0.0,224.0702794419396
0.0,0.0,0.0,0.0,38.357089843751005
0.0,0.0,0.0,0.0,0.0
0.0,0.0,0.0,0.0,0.0
0.0,0.0,0.0,0.0,0.0
0.0,0.0,0.0,0.0,0.0
0.0,0.0,0.0,0.0,0.0
0.0,0.0,0.0,0.0,0.0
0.0,0.0,0.0,0.0,0.0
0.0,0.0,0.0,0.0,0.0
0.0,0.0,0.0,0.0,0.0
0.0,0.0,0.0,0.0,0.0
0.0,0.0,0.0,0.0,0.0
0.0,0.0,0.0,0.0,0.0
0.0,0.0,0.0,0.0,0.0
0.0,0.0,0.0,0.0,0.0
0.0,0.0,0.0,0.0,0.0
0.0,0.0,0.0,0.0,33.76373828124999
0.0,0.0,0.0,0.0,407.4053238957696
0.0,0.0,0.0,0.0,649.043367161545
0.0,0.0,0.0,0.0,38.27640625
0.0,0.0,0.0,0.0,755.3927082760356
0.0,0.0,0.0,0.0,37.58739453124999
0.0,0.0,0.0,0.0,126.60620987447027
0.0,0.0,0.0,0.0,288289.8990142417
0.0,0.0,0.0,0.0,35.877816406250005
0.0,0.0,0.0,0.0,35.75300390625001
0.0,0.0,0.0,0.0,0.0
0.0,0.0,0.0,0.0,0.0
0.0,0.0,0.0,0.0,0.0
0.0,0.0,0.0,0.0,0.0
0.0,0.0,0.0,0.0,0.0
0.0,0.0,0.0,0.0,0.0
0.0,0.0,0.0,0.0,0.0
0.0,0.0,0.0,0.0,0.0
0.0,0.0,0.0,0.0,235.39453000755168
0.0,0.0,0.0,0.0,30.014396484374995
0.0,0.0,0.0,0.0,29.612580078125003
0.0,0.0,0.0,0.0,29.591421875
0.0,0.0,0.0,0.0,29.9243515625
0.0,0.0,0.0,0.0,30.633607421875002
0.0,0.0,0.0,0.0,31.78813476562501
0.0,0.0,0.0,0.0,32.95849609375
0.0,0.0,0.0,0.0,34.49003906250001
0.0,0.0,0.0,0.0,35.48779296875
0.0,0.0,0.0,0.0,20.44972833750159
0.0,0.0,0.0,0.0,36.49452734374999
0.0,0.0,0.0,0.0,37.009566406249995
0.0,0.0,0.0,0.0,4.279342315629514
0.0,0.0,0.0,0.0,37.15356640625
0.0,0.0,0.0,0.0,0.0
0.0,0.0,0.0,0.0,36.91377734375
0.0,0.0,0.0,0.0,20.64834937125823
0.0,0.0,0.0,0.0,38.575828125
0.0,0.0,0.0,0.0,38.18130078125
0.0,0.0,0.0,0.0,37.081808593750004
0.0,0.0,0.0,0.0,9.791940465121401
0.0,0.0,0.0,0.0,33.30948046875002
0.0,0.0,0.0,0.0,31.189648437499994
0.0,0.0,0.0,0.0,0.0
0.0,0.0,0.0,0.0,28.74940625
0.0,0.0,0.0,0.0,28.276812500000002
0.0,0.0,0.0,0.0,28.319060546875004
0.0,0.0,0.0,0.0,29.348580078125003
0.0,0.0,0.0,0.0,31.602044921874995
0.0,0.0,0.0,0.0,0.0
0.0,0.0,0.0,0.0,34.853296875
0.0,0.0,0.0,0.0,35.89892968750001
0.0,0.0,0.0,0.0,37.27744140625
0.0,0.0,0.0,0.0,38.33387890625001
0.0,0.0,0.0,0.0,39.04798046875
0.0,0.0,0.0,0.0,39.59994921875
0.0,0.0,0.0,0.0,39.86941406250001
0.0,0.0,0.0,0.0,39.74972265625001
0.0,0.0,0.0,0.0,39.57532421875
0.0,0.0,0.0,0.0,39.502812500000005
0.0,0.0,0.0,0.0,40.017531250000005
0.0,0.0,0.0,0.0,41.28251953125001
0.0,0.0,0.0,0.0,41.073250000000016
0.0,0.0,0.0,0.0,39.96785546875002
0.0,0.0,0.0,0.0,37.96600390625
0.0,0.0,0.0,0.0,35.3125546875
0.0,0.0,0.0,0.0,32.80428125000002
0.0,0.0,0.0,0.0,0.0
0.0,0.0,0.0,0.0,1755.608674650139
0.0,0.0,0.0,0.0,29.552041015625004
0.0,0.0,0.0,0.0,29.450646484375
0.0,0.0,0.0,0.0,30.258837890625006
0.0,0.0,0.0,0.0,32.718912109375
0.0,0.0,0.0,0.0,35.899683593750005
0.0,0.0,0.0,0.0,1755.608674650139
0.0,0.0,0.0,0.0,1755.608674650139
0.0,0.0,0.0,0.0,1755.608674650139
0.0,0.0,0.0,0.0,1755.608674650139
0.0,0.0,0.0,0.0,1755.608674650139
0.0,0.0,0.0,0.0,1548.0308133685924
0.0,0.0,0.0,0.0,39.19725781249999
0.0,0.0,0.0,0.0,1124.1675770588863
0.0,0.0,0.0,0.0,39.55625390625001
0.0,0.0,0.0,0.0,39.83510156249999
0.0,0.0,0.0,0.0,1015.1441019601102
0.0,0.0,0.0,0.0,41.862968750000014
0.0,0.0,0.0,0.0,0.0
0.0,0.0,0.0,0.0,41.07531250000001
0.0,0.0,0.0,0.0,1031.7072460195297
0.0,0.0,0.0,0.0,37.37923437500001
0.0,0.0,0.0,0.0,648.5497758687269
0.0,0.0,0.0,0.0,1755.608674650139
0.0,0.0,0.0,0.0,33.70648046875
0.0,0.0,0.0,0.0,1451.390924535297
0.0,0.0,0.0,0.0,33.77387890625001
0.0,0.0,0.0,0.0,35.3647421875
0.0,0.0,0.0,0.0,38.882425781250014
0.0,0.0,0.0,0.0,43.13202734375001
0.0,0.0,0.0,0.0,343.79860234374814
0.0,0.0,0.0,0.0,44.405750000000005
0.0,0.0,0.0,0.0,45.23794921875002
0.0,0.0,0.0,0.0,32160.691541885626
0.0,0.0,0.0,0.0,32412.262949062082
0.0,0.0,0.0,0.0,0.0
0.0,0.0,0.0,0.0,0.0
0.0,0.0,0.0,0.0,0.0
0.0,0.0,0.0,0.0,37274.10239142194
0.0,0.0,0.0,0.0,7.936482421874302
0.0,0.0,0.0,0.0,0.5952361816412122
0.0,0.0,0.0,0.0,56.60851304960204
0.0,0.0,0.0,0.0,5981.958566552928
0.0,0.0,0.0,0.0,648.376638528582
0.0,0.0,0.0,0.0,0.0
0.0,0.0,0.0,0.0,0.0
0.0,0.0,0.0,0.0,0.0
0.0,0.0,0.0,0.0,0.0
0.0,0.0,0.0,0.0,0.0
0.0,0.0,0.0,0.0,0.0
0.0,0.0,0.0,0.0,0.0
0.0,0.0,0.0,0.0,0.0
0.0,0.0,0.0,0.0,0.0
0.0,0.0,0.0,0.0,0.0
0.0,0.0,0.0,0.0,0.0
0.0,0.0,0.0,0.0,0.0
0.0,0.0,0.0,0.0,0.0
0.0,0.0,0.0,0.0,0.0
0.0,0.0,0.0,0.0,0.0
0.0,0.0,0.0,0.0,0.0
0.0,0.0,0.0,0.0,0.0
0.0,0.0,0.0,0.0,0.0
0.0,0.0,0.0,0.0,0.0
0.0,0.0,0.0,0.0,0.0
0.0,0.0,0.0,0.0,0.0
0.0,0.0,0.0,0.0,0.0
0.0,0.0,0.0,0.0,0.0
0.0,0.0,0.0,0.0,0.0
0.0,0.0,0.0,0.0,0.0
0.0,0.0,0.0,0.0,23229.59935344548
0.0,0.0,0.0,0.0,148523.6515904849
0.0,0.0,0.0,0.0,566578.6926417886
0.0,0.0,0.0,0.0,361195.32832254947
0.0,0.0,0.0,0.0,751443.5315816886
0.0,0.0,0.0,0.0,390074.56541706383
0.0,0.0,0.0,0.0,27389.777198494867
0.0,0.0,0.0,0.0,0.0
0.0,0.0,0.0,0.0,0.0
0.0,0.0,0.0,0.0,0.0
0.0,0.0,0.0,0.0,0.0
0.0,0.0,0.0,0.0,0.0
0.0,0.0,0.0,0.0,0.0
0.0,0.0,0.0,0.0,0.0
0.0,0.0,0.0,0.0,0.0
0.0,0.0,0.0,0.0,0.0
0.0,0.0,0.0,0.0,446813.7864617311
0.0,0.0,0.0,0.0,597068.7044272176
0.0,0.0,0.0,0.0,579952.744710208
0.0,0.0,0.0,0.0,406427.37475944904
0.0,0.0,0.0,0.0,0.0
0.0,0.0,0.0,0.0,0.0
0.0,0.0,0.0,0.0,0.0
0.0,0.0,0.0,0.0,0.0
0.0,0.0,0.0,0.0,0.0
0.0,0.0,0.0,0.0,0.0
0.0,0.0,0.0,0.0,30343.773226046484
0.0,0.0,0.0,0.0,167.26449955202085
0.0,0.0,0.0,0.0,382.44105913656625
0.0,0.0,0.0,0.0,672.5816471236972
0.0,0.0,0.0,0.0,799.977229960421
0.0,0.0,0.0,0.0,702.4164884022462
0.0,0.0,0.0,0.0,591.8579391263642
0.0,0.0,0.0,0.0,168.62301227361843
0.0,0.0,0.0,0.0,236.22000028826946
0.0,0.0,0.0,0.0,1265.8508637533946
0.0,0.0,0.0,0.0,1755.608674650139
0.0,0.0,0.0,0.0,1755.608674650139
0.0,0.0,0.0,0.0,39.08346484375001
0.0,0.0,0.0,0.0,1755.608674650139
0.0,0.0,0.0,0.0,37.54688671875001
0.0,0.0,0.0,0.0,1755.608674650139
0.0,0.0,0.0,0.0,966.2591239223492
0.0,0.0,0.0,0.0,1755.608674650139
0.0,0.0,0.0,0.0,863078.5334455689
0.0,0.0,0.0,0.0,0.0
0.0,0.0,0.0,0.0,0.0
0.0,0.0,0.0,0.0,0.0
0.0,0.0,0.0,0.0,0.0
0.0,0.0,0.0,0.0,0.0
0.0,0.0,0.0,0.0,0.0
0.0,0.0,0.0,0.0,0.0
0.0,0.0,0.0,0.0,0.0
0.0,0.0,0.0,0.0,0.0
0.0,0.0,0.0,0.0,0.0
0.0,0.0,0.0,0.0,0.0
0.0,0.0,0.0,0.0,0.0
0.0,0.0,0.0,0.0,0.0
0.0,0.0,0.0,0.0,0.0
0.0,0.0,0.0,0.0,0.0
0.0,0.0,0.0,0.0,19267.92817019264
0.0,0.0,0.0,0.0,68074.565089799
0.0,0.0,0.0,0.0,460702.81752427947
0.0,0.0,0.0,0.0,698226.2752642465
0.0,0.0,0.0,0.0,1755.608674650139
0.0,0.0,0.0,0.0,1755.608674650139
0.0,0.0,0.0,0.0,1755.608674650139
0.0,0.0,0.0,0.0,1755.608674650139
0.0,0.0,0.0,0.0,344228.11978384905
0.0,0.0,0.0,0.0,0.0
0.0,0.0,0.0,0.0,0.0
0.0,0.0,0.0,0.0,16048.270169631025
0.0,0.0,0.0,0.0,96041.40454919789
0.0,0.0,0.0,0.0,0.0
0.0,0.0,0.0,0.0,0.0
0.0,0.0,0.0,0.0,0.0
0.0,0.0,0.0,0.0,0.0
0.0,0.0,0.0,0.0,0.0
0.0,0.0,0.0,0.0,0.0
0.0,0.0,0.0,0.0,0.0
0.0,0.0,0.0,0.0,0.0
0.0,0.0,0.0,0.0,0.0
0.0,0.0,0.0,0.0,0.0
0.0,0.0,0.0,0.0,0.0
0.0,0.0,0.0,0.0,102.97117161938503
0.0,0.0,0.0,0.0,83.78754608311928
0.0,0.0,0.0,0.0,36.13988671874999
0.0,0.0,0.0,0.0,35.89705468750002
0.0,0.0,0.0,0.0,438.5178731675915
0.0,0.0,0.0,0.0,35.72736328124999
0.0,0.0,0.0,0.0,44.3964756197906
0.0,0.0,0.0,0.0,36.34683984375
0.0,0.0,0.0,0.0,7036.713606518985
0.0,0.0,0.0,0.0,0.0
0.0,0.0,0.0,0.0,37.705292968749994
0.0,0.0,0.0,0.0,35.98364843750001
0.0,0.0,0.0,0.0,1755.608674650139
0.0,0.0,0.0,0.0,31.371728515625005
0.0,0.0,0.0,0.0,30.132029296874997
0.0,0.0,0.0,0.0,29.481859375000003
0.0,0.0,0.0,0.0,29.367955078125004
0.0,0.0,0.0,0.0,29.665775390625
0.0,0.0,0.0,0.0,30.85390625
0.0,0.0,0.0,0.0,804.8844002263336
0.0,0.0,0.0,0.0,37.10361328125
0.0,0.0,0.0,0.0,37.11607421875
0.0,0.0,0.0,0.0,408.2822143282373
0.0,0.0,0.0,0.0,37.66407421875
0.0,0.0,0.0,0.0,197.42083257821008
0.0,0.0,0.0,0.0,536.6237854109276
0.0,0.0,0.0,0.0,38.65951953125
0.0,0.0,0.0,0.0,521.7735454421695
0.0,0.0,0.0,0.0,39.08035546875
0.0,0.0,0.0,0.0,39.199597656250006
0.0,0.0,0.0,0.0,39.315476562499995
0.0,0.0,0.0,0.0,0.0
0.0,0.0,0.0,0.0,0.0
0.0,0.0,0.0,0.0,0.0
0.0,0.0,0.0,0.0,0.0
0.0,0.0,0.0,0.0,0.0
0.0,0.0,0.0,0.0,34.8505234375
0.0,0.0,0.0,0.0,32.43643554687501
0.0,0.0,0.0,0.0,30.87249999999999
0.0,0.0,0.0,0.0,29.985281249999996
0.0,0.0,0.0,0.0,29.460849609375007
0.0,0.0,0.0,0.0,29.46926757812501
0.0,0.0,0.0,0.0,30.357115234375
0.0,0.0,0.0,0.0,33.00883984375
0.0,0.0,0.0,0.0,36.09375000000001
0.0,0.0,0.0,0.0,36.32656640625
0.0,0.0,0.0,0.0,37.08512109375
0.0,0.0,0.0,0.0,38.163675781250014
0.0,0.0,0.0,0.0,289.8510564359725
0.0,0.0,0.0,0.0,39.63168359375
0.0,0.0,0.0,0.0,40.34436328125001
0.0,0.0,0.0,0.0,40.830050781249994
0.0,0.0,0.0,0.0,40.96293359375
0.0,0.0,0.0,0.0,138.51613199796358
0.0,0.0,0.0,0.0,40.8253828125
0.0,0.0,0.0,0.0,67.77530140887579
0.0,0.0,0.0,0.0,0.0
0.0,0.0,0.0,0.0,0.0
0.0,0.0,0.0,0.0,25.19978672085379
0.0,0.0,0.0,0.0,70.28233323535328
0.0,0.0,0.0,0.0,36.091433593750004
0.0,0.0,0.0,0.0,33.153441406249996
0.0,0.0,0.0,0.0,31.543283203125007
0.0,0.0,0.0,0.0,1755.608674650139
0.0,0.0,0.0,0.0,1755.608674650139
0.0,0.0,0.0,0.0,1755.608674650139
0.0,0.0,0.0,0.0,30.364423828125002
0.0,0.0,0.0,0.0,1412.1257772666036
0.0,0.0,0.0,0.0,756.0302941982358
0.0,0.0,0.0,0.0,632.6046438468702
0.0,0.0,0.0,0.0,986.9919806744861
0.0,0.0,0.0,0.0,1755.608674650139
0.0,0.0,0.0,0.0,1755.608674650139
0.0,0.0,0.0,0.0,1755.608674650139
0.0,0.0,0.0,0.0,1755.608674650139
0.0,0.0,0.0,0.0,1755.608674650139
0.0,0.0,0.0,0.0,1755.608674650139
0.0,0.0,0.0,0.0,38.18082031250001
0.0,0.0,0.0,0.0,0.0
0.0,0.0,0.0,0.0,29.515775904565437
0.0,0.0,0.0,0.0,0.0
0.0,0.0,0.0,0.0,0.0
0.0,0.0,0.0,0.0,0.0
0.0,0.0,0.0,0.0,0.0
0.0,0.0,0.0,0.0,0.0
0.0,0.0,0.0,0.0,0.0
0.0,0.0,0.0,0.0,0.0
0.0,0.0,0.0,0.0,0.0
0.0,0.0,0.0,0.0,0.0
0.0,0.0,0.0,0.0,0.0
0.0,0.0,0.0,0.0,0.0
0.0,0.0,0.0,0.0,0.0
0.0,0.0,0.0,0.0,0.0
0.0,0.0,0.0,0.0,0.0
0.0,0.0,0.0,0.0,0.0
0.0,0.0,0.0,0.0,0.0
0.0,0.0,0.0,0.0,0.0
0.0,0.0,0.0,0.0,0.0
0.0,0.0,0.0,0.0,0.0
0.0,0.0,0.0,0.0,0.0
0.0,0.0,0.0,0.0,0.0
0.0,0.0,0.0,0.0,0.0
0.0,0.0,0.0,0.0,0.0
0.0,0.0,0.0,0.0,0.0
0.0,0.0,0.0,0.0,0.0
0.0,0.0,0.0,0.0,0.0
0.0,0.0,0.0,0.0,16.459247124528968
0.0,0.0,0.0,0.0,34.99642578125
0.0,0.0,0.0,0.0,0.0
0.0,0.0,0.0,0.0,31.45653710937499
0.0,0.0,0.0,0.0,30.155796875000004
0.0,0.0,0.0,0.0,29.288439453125005
0.0,0.0,0.0,0.0,0.0
0.0,0.0,0.0,0.0,0.0
0.0,0.0,0.0,0.0,0.0
0.0,0.0,0.0,0.0,0.0
0.0,0.0,0.0,0.0,31.974609375
0.0,0.0,0.0,0.0,33.1210859375
0.0,0.0,0.0,0.0,34.176625
0.0,0.0,0.0,0.0,34.73431640625001
0.0,0.0,0.0,0.0,0.0
0.0,0.0,0.0,0.0,34.86868359375
0.0,0.0,0.0,0.0,0.0
0.0,0.0,0.0,0.0,34.5745234375
0.0,0.0,0.0,0.0,0.0
0.0,0.0,0.0,0.0,0.0
0.0,0.0,0.0,0.0,0.0
0.0,0.0,0.0,0.0,0.0
0.0,0.0,0.0,0.0,36.16693359375
0.0,0.0,0.0,0.0,0.0
0.0,0.0,0.0,0.0,35.21429296875
0.0,0.0,0.0,0.0,34.08284375000001
0.0,0.0,0.0,0.0,32.601021484375
0.0,0.0,0.0,0.0,30.901369140625004
0.0,0.0,0.0,0.0,29.612882812499997
0.0,0.0,0.0,0.0,28.663373046875
0.0,0.0,0.0,0.0,27.972076171875
0.0,0.0,0.0,0.0,27.712818359375003
0.0,0.0,0.0,0.0,27.76267187500001
0.0,0.0,0.0,0.0,28.241298828125
0.0,0.0,0.0,0.0,29.045398437500005
0.0,0.0,0.0,0.0,30.07600781250001
0.0,0.0,0.0,0.0,31.935240234375
0.0,0.0,0.0,0.0,33.47651171875
0.0,0.0,0.0,0.0,34.546171875000006
0.0,0.0,0.0,0.0,35.293417968750006
0.0,0.0,0.0,0.0,35.86949609375
0.0,0.0,0.0,0.0,36.19426953125001
0.0,0.0,0.0,0.0,1755.608674650139
0.0,0.0,0.0,0.0,36.76730859375
0.0,0.0,0.0,0.0,37.123488281250005
0.0,0.0,0.0,0.0,1755.608674650139
0.0,0.0,0.0,0.0,38.87970703125
0.0,0.0,0.0,0.0,1015.7545896116375
0.0,0.0,0.0,0.0,38.2491328125
0.0,0.0,0.0,0.0,36.701796875
0.0,0.0,0.0,0.0,34.29387890625001
0.0,0.0,0.0,0.0,766.8993653401113
0.0,0.0,0.0,0.0,30.336646484375006
0.0,0.0,0.0,0.0,1755.608674650139
0.0,0.0,0.0,0.0,1755.608674650139
0.0,0.0,0.0,0.0,1755.608674650139
0.0,0.0,0.0,0.0,29.980251953125006
0.0,0.0,0.0,0.0,1755.608674650139
0.0,0.0,0.0,0.0,1698.6369857668126
0.0,0.0,0.0,0.0,36.215765625
0.0,0.0,0.0,0.0,1028.7458445342652
0.0,0.0,0.0,0.0,1566.2278084557486
0.0,0.0,0.0,0.0,1755.608674650139
0.0,0.0,0.0,0.0,651.3736261736955
0.0,0.0,0.0,0.0,40.105824218749284
0.0,0.0,0.0,0.0,40.449558593750005
0.0,0.0,0.0,0.0,40.66109765625136
0.0,0.0,0.0,0.0,40.51458984374921
0.0,0.0,0.0,0.0,0.0
0.0,0.0,0.0,0.0,0.0
0.0,0.0,0.0,0.0,0.0
0.0,0.0,0.0,0.0,0.0
0.0,0.0,0.0,0.0,0.0
0.0,0.0,0.0,0.0,0.0
0.0,0.0,0.0,0.0,0.0
0.0,0.0,0.0,0.0,0.0
0.0,0.0,0.0,0.0,0.0
0.0,0.0,0.0,0.0,0.0
0.0,0.0,0.0,0.0,0.0
0.0,0.0,0.0,0.0,0.0
0.0,0.0,0.0,0.0,0.0
0.0,0.0,0.0,0.0,0.0
0.0,0.0,0.0,0.0,0.0
0.0,0.0,0.0,0.0,0.0
0.0,0.0,0.0,0.0,0.0
0.0,0.0,0.0,0.0,419405.84335482627
0.0,0.0,0.0,0.0,762814.8776969331
0.0,0.0,0.0,0.0,765659.3129550536
0.0,0.0,0.0,0.0,808647.3662782154
0.0,0.0,0.0,0.0,1755.608674650139
0.0,0.0,0.0,0.0,1755.608674650139
0.0,0.0,0.0,0.0,1755.608674650139
0.0,0.0,0.0,0.0,1755.608674650139
0.0,0.0,0.0,0.0,857916.749771976
0.0,0.0,0.0,0.0,0.0
0.0,0.0,0.0,0.0,0.0
0.0,0.0,0.0,0.0,0.0
0.0,0.0,0.0,0.0,0.0
0.0,0.0,0.0,0.0,0.0
0.0,0.0,0.0,0.0,0.0
0.0,0.0,0.0,0.0,0.0
0.0,0.0,0.0,0.0,0.0
0.0,0.0,0.0,0.0,0.0
0.0,0.0,0.0,0.0,0.0
0.0,0.0,0.0,0.0,0.0
0.0,0.0,0.0,0.0,0.0
0.0,0.0,0.0,0.0,0.0
0.0,0.0,0.0,0.0,0.0
0.0,0.0,0.0,0.0,0.0
0.0,0.0,0.0,0.0,1755.608674650139
0.0,0.0,0.0,0.0,1755.608674650139
0.0,0.0,0.0,0.0,1755.608674650139
0.0,0.0,0.0,0.0,1755.608674650139
0.0,0.0,0.0,0.0,1511.4609886149242
0.0,0.0,0.0,0.0,152.63642812499998
0.0,0.0,0.0,0.0,35.44916406250001
0.0,0.0,0.0,0.0,35.521003906250016
0.0,0.0,0.0,0.0,690948.8226832888
0.0,0.0,0.0,0.0,0.0
0.0,0.0,0.0,0.0,0.0
0.0,0.0,0.0,0.0,0.0
0.0,0.0,0.0,0.0,0.0
0.0,0.0,0.0,0.0,0.0
0.0,0.0,0.0,0.0,0.0
0.0,0.0,0.0,0.0,0.0
0.0,0.0,0.0,0.0,0.0
0.0,0.0,0.0,0.0,0.0
0.0,0.0,0.0,0.0,31.806289062500003
0.0,0.0,0.0,0.0,33.42383203125
0.0,0.0,0.0,0.0,0.0
0.0,0.0,0.0,0.0,0.0
0.0,0.0,0.0,0.0,0.0
0.0,0.0,0.0,0.0,39.12713671875001
0.0,0.0,0.0,0.0,38.33995703125
0.0,0.0,0.0,0.0,37.49455859375
0.0,0.0,0.0,0.0,36.63759374999999
0.0,0.0,0.0,0.0,36.0444140625
0.0,0.0,0.0,0.0,35.79256640625
0.0,0.0,0.0,0.0,35.572250000000004
0.0,0.0,0.0,0.0,35.53683203125
0.0,0.0,0.0,0.0,35.51382421875
0.0,0.0,0.0,0.0,35.90093359375
0.0,0.0,0.0,0.0,37.54597265625
0.0,0.0,0.0,0.0,38.02459375000001
0.0,0.0,0.0,0.0,37.52059765625
0.0,0.0,0.0,0.0,35.9639453125
0.0,0.0,0.0,0.0,33.694429687500005
0.0,0.0,0.0,0.0,31.769404296875003
0.0,0.0,0.0,0.0,30.70635742187501
0.0,0.0,0.0,0.0,30.156726562500005
0.0,0.0,0.0,0.0,122.33821618535043
0.0,0.0,0.0,0.0,30.294654296875002
0.0,0.0,0.0,0.0,31.599220703125
0.0,0.0,0.0,0.0,1505.1586420077235
0.0,0.0,0.0,0.0,37.40824609375
0.0,0.0,0.0,0.0,37.253937500000006
0.0,0.0,0.0,0.0,1659.5511127971229
0.0,0.0,0.0,0.0,1755.608674650139
0.0,0.0,0.0,0.0,1755.608674650139
0.0,0.0,0.0,0.0,1755.608674650139
0.0,0.0,0.0,0.0,36.122828125000005
0.0,0.0,0.0,0.0,36.16329687500001
0.0,0.0,0.0,0.0,1755.608674650139
0.0,0.0,0.0,0.0,1566.6924796203532
0.0,0.0,0.0,0.0,35.5971640625
0.0,0.0,0.0,0.0,0.0
0.0,0.0,0.0,0.0,0.0
0.0,0.0,0.0,0.0,0.0
0.0,0.0,0.0,0.0,0.0
0.0,0.0,0.0,0.0,34.6454140625
0.0,0.0,0.0,0.0,33.06683203125001
0.0,0.0,0.0,0.0,870.029488921123
0.0,0.0,0.0,0.0,29.732251953125
0.0,0.0,0.0,0.0,28.84081249999999
0.0,0.0,0.0,0.0,28.310189453125005
0.0,0.0,0.0,0.0,28.191095703125
0.0,0.0,0.0,0.0,0.0
0.0,0.0,0.0,0.0,0.0
0.0,0.0,0.0,0.0,0.0
0.0,0.0,0.0,0.0,0.0
0.0,0.0,0.0,0.0,0.0
0.0,0.0,0.0,0.0,35.06458984375
0.0,0.0,0.0,0.0,36.32650390624999
0.0,0.0,0.0,0.0,51.68852810831815
0.0,0.0,0.0,0.0,38.530074218749995
0.0,0.0,0.0,0.0,39.63453515625001
0.0,0.0,0.0,0.0,40.73376562500001
0.0,0.0,0.0,0.0,41.513343750000004
0.0,0.0,0.0,0.0,41.59921875
0.0,0.0,0.0,0.0,40.85858203125001
0.0,0.0,0.0,0.0,0.0
0.0,0.0,0.0,0.0,0.0
0.0,0.0,0.0,0.0,0.0
0.0,0.0,0.0,0.0,0.0
0.0,0.0,0.0,0.0,0.0
0.0,0.0,0.0,0.0,0.0
0.0,0.0,0.0,0.0,31.585228515624998
0.0,0.0,0.0,0.0,1132.2749040924964
0.0,0.0,0.0,0.0,29.931865234375
0.0,0.0,0.0,0.0,1755.608674650139
0.0,0.0,0.0,0.0,1755.608674650139
0.0,0.0,0.0,0.0,1755.608674650139
0.0,0.0,0.0,0.0,1755.608674650139
0.0,0.0,0.0,0.0,1755.608674650139
0.0,0.0,0.0,0.0,1755.608674650139
0.0,0.0,0.0,0.0,34.422566406250006
0.0,0.0,0.0,0.0,1537.8898066978213
0.0,0.0,0.0,0.0,507.58462341344267
0.0,0.0,0.0,0.0,1755.608674650139
0.0,0.0,0.0,0.0,35.860675781250016
0.0,0.0,0.0,0.0,1755.608674650139
0.0,0.0,0.0,0.0,35.080480468750004
0.0,0.0,0.0,0.0,47.87288681524495
0.0,0.0,0.0,0.0,1075.3803210874455
0.0,0.0,0.0,0.0,35.7315546875
0.0,0.0,0.0,0.0,0.0
0.0,0.0,0.0,0.0,34.85400390625001
0.0,0.0,0.0,0.0,32.99652734375001
0.0,0.0,0.0,0.0,499.7022037622433
0.0,0.0,0.0,0.0,29.63990039062501
0.0,0.0,0.0,0.0,599.8065305345775
0.0,0.0,0.0,0.0,168.4707597594364
0.0,0.0,0.0,0.0,29.21311718750265
0.0,0.0,0.0,0.0,0.0
0.0,0.0,0.0,0.0,0.0
0.0,0.0,0.0,0.0,0.0
0.0,0.0,0.0,0.0,0.0
0.0,0.0,0.0,0.0,0.0
0.0,0.0,0.0,0.0,0.0
0.0,0.0,0.0,0.0,280436.01662281674
0.0,0.0,0.0,0.0,81025.30774635478
0.0,0.0,0.0,0.0,243522.63796795468
0.0,0.0,0.0,0.0,470758.7167533822
0.0,0.0,0.0,0.0,423630.958881842
0.0,0.0,0.0,0.0,495540.07036547584
0.0,0.0,0.0,0.0,698991.8191368869
0.0,0.0,0.0,0.0,102543.5552197882
0.0,0.0,0.0,0.0,805.9598239755353
0.0,0.0,0.0,0.0,0.0
0.0,0.0,0.0,0.0,0.0
0.0,0.0,0.0,0.0,0.0
0.0,0.0,0.0,0.0,0.0
0.0,0.0,0.0,0.0,0.0
0.0,0.0,0.0,0.0,0.0
0.0,0.0,0.0,0.0,0.0
0.0,0.0,0.0,0.0,0.0
0.0,0.0,0.0,0.0,0.0
0.0,0.0,0.0,0.0,0.0
0.0,0.0,0.0,0.0,0.0
0.0,0.0,0.0,0.0,0.0
0.0,0.0,0.0,0.0,0.0
0.0,0.0,0.0,0.0,0.0
0.0,0.0,0.0,0.0,0.0
0.0,0.0,0.0,0.0,149794.01377079813
0.0,0.0,0.0,0.0,402565.80603806506
0.0,0.0,0.0,0.0,1286.0908119419923
0.0,0.0,0.0,0.0,1423.580918000814
0.0,0.0,0.0,0.0,1458.147620893167
0.0,0.0,0.0,0.0,1627.9677660062696
0.0,0.0,0.0,0.0,1712.407079867682
0.0,0.0,0.0,0.0,936.7846948084411
0.0,0.0,0.0,0.0,35.03623046875
0.0,0.0,0.0,0.0,0.0
0.0,0.0,0.0,0.0,0.0
0.0,0.0,0.0,0.0,0.0
0.0,0.0,0.0,0.0,0.0
0.0,0.0,0.0,0.0,0.0
0.0,0.0,0.0,0.0,0.0
0.0,0.0,0.0,0.0,0.0
0.0,0.0,0.0,0.0,0.0
0.0,0.0,0.0,0.0,0.0
0.0,0.0,0.0,0.0,0.0
0.0,0.0,0.0,0.0,0.0
0.0,0.0,0.0,0.0,0.0
0.0,0.0,0.0,0.0,0.0
0.0,0.0,0.0,0.0,0.0
0.0,0.0,0.0,0.0,0.0
0.0,0.0,0.0,0.0,0.0
0.0,0.0,0.0,0.0,0.0
0.0,0.0,0.0,0.0,0.0
0.0,0.0,0.0,0.0,0.0
0.0,0.0,0.0,0.0,0.0
0.0,0.0,0.0,0.0,0.0
0.0,0.0,0.0,0.0,0.0
0.0,0.0,0.0,0.0,0.0
0.0,0.0,0.0,0.0,0.0
0.0,0.0,0.0,0.0,0.0
0.0,0.0,0.0,0.0,0.0
0.0,0.0,0.0,0.0,0.0
0.0,0.0,0.0,0.0,0.0
0.0,0.0,0.0,0.0,0.0
0.0,0.0,0.0,0.0,0.0
0.0,0.0,0.0,0.0,0.0
0.0,0.0,0.0,0.0,29.482419921875003
0.0,0.0,0.0,0.0,29.770529296875004
0.0,0.0,0.0,0.0,30.835570312499996
0.0,0.0,0.0,0.0,33.09053515625
0.0,0.0,0.0,0.0,35.788253906250006
0.0,0.0,0.0,0.0,36.84643359375
0.0,0.0,0.0,0.0,36.82046875000001
0.0,0.0,0.0,0.0,36.78234375
0.0,0.0,0.0,0.0,36.92191015625
0.0,0.0,0.0,0.0,36.88557421875
0.0,0.0,0.0,0.0,36.752609375
0.0,0.0,0.0,0.0,36.7889296875
0.0,0.0,0.0,0.0,36.66762109374999
0.0,0.0,0.0,0.0,36.80301562500001
0.0,0.0,0.0,0.0,36.73087109375
0.0,0.0,0.0,0.0,36.689796875
0.0,0.0,0.0,0.0,36.764500000000005
0.0,0.0,0.0,0.0,37.672777343750006
0.0,0.0,0.0,0.0,37.62222265625
0.0,0.0,0.0,0.0,36.4195234375
0.0,0.0,0.0,0.0,34.46476953125
0.0,0.0,0.0,0.0,1755.608674650139
0.0,0.0,0.0,0.0,1755.608674650139
0.0,0.0,0.0,0.0,115.57675113120571
0.0,0.0,0.0,0.0,1755.608674650139
0.0,0.0,0.0,0.0,1755.608674650139
0.0,0.0,0.0,0.0,1755.608674650139
0.0,0.0,0.0,0.0,1755.608674650139
0.0,0.0,0.0,0.0,1755.608674650139
0.0,0.0,0.0,0.0,34.47654296875
0.0,0.0,0.0,0.0,953.8796462131328
0.0,0.0,0.0,0.0,1563.2899476935954
0.0,0.0,0.0,0.0,37.483429687500006
0.0,0.0,0.0,0.0,38.449054687500016
0.0,0.0,0.0,0.0,39.948125
0.0,0.0,0.0,0.0,1755.608674650139
0.0,0.0,0.0,0.0,1755.608674650139
0.0,0.0,0.0,0.0,42.53104687500001
0.0,0.0,0.0,0.0,43.189230468750004
0.0,0.0,0.0,0.0,45.05693750000132
0.0,0.0,0.0,0.0,271.57929687499865
0.0,0.0,0.0,0.0,41.19849609375047
0.0,0.0,0.0,0.0,0.0
0.0,0.0,0.0,0.0,0.0
0.0,0.0,0.0,0.0,0.0
0.0,0.0,0.0,0.0,0.0
0.0,0.0,0.0,0.0,0.0
0.0,0.0,0.0,0.0,0.0
0.0,0.0,0.0,0.0,45025.013969998705
0.0,0.0,0.0,0.0,136059.40028828214
0.0,0.0,0.0,0.0,60755.70536719969
0.0,0.0,0.0,0.0,45061.342414242485
0.0,0.0,0.0,0.0,0.0
0.0,0.0,0.0,0.0,0.0
0.0,0.0,0.0,0.0,0.0
0.0,0.0,0.0,0.0,0.0
0.0,0.0,0.0,0.0,0.0
0.0,0.0,0.0,0.0,0.0
0.0,0.0,0.0,0.0,0.0
0.0,0.0,0.0,0.0,0.0
0.0,0.0,0.0,0.0,219753.7559032854
0.0,0.0,0.0,0.0,469766.24076136254
0.0,0.0,0.0,0.0,529699.6846035804
0.0,0.0,0.0,0.0,533557.4398867595
0.0,0.0,0.0,0.0,550539.4609896021
0.0,0.0,0.0,0.0,0.0
0.0,0.0,0.0,0.0,0.0
0.0,0.0,0.0,0.0,0.0
0.0,0.0,0.0,0.0,339167.97942248173
0.0,0.0,0.0,0.0,505226.9898747347
0.0,0.0,0.0,0.0,454551.54191745236
0.0,0.0,0.0,0.0,352403.9614599766
0.0,0.0,0.0,0.0,219996.63148903393
0.0,0.0,0.0,0.0,92027.92074102997
0.0,0.0,0.0,0.0,0.0
0.0,0.0,0.0,0.0,0.0
0.0,0.0,0.0,0.0,0.0
0.0,0.0,0.0,0.0,0.0
0.0,0.0,0.0,0.0,0.0
0.0,0.0,0.0,0.0,0.0
0.0,0.0,0.0,0.0,0.0
0.0,0.0,0.0,0.0,66.89015907458725
0.0,0.0,0.0,0.0,37.5131875
0.0,0.0,0.0,0.0,38.34770703125
0.0,0.0,0.0,0.0,39.66029296875
0.0,0.0,0.0,0.0,41.213652343750006
0.0,0.0,0.0,0.0,42.159546875000004
0.0,0.0,0.0,0.0,42.41324609375
0.0,0.0,0.0,0.0,41.74113671875
0.0,0.0,0.0,0.0,41.98462109375
0.0,0.0,0.0,0.0,41.825128906250015
0.0,0.0,0.0,0.0,39.88198046875
0.0,0.0,0.0,0.0,36.80085156250001
0.0,0.0,0.0,0.0,34.00885546874999
0.0,0.0,0.0,0.0,31.907994140625004
0.0,0.0,0.0,0.0,30.774875
0.0,0.0,0.0,0.0,1755.608674650139
0.0,0.0,0.0,0.0,670.9551248086059
0.0,0.0,0.0,0.0,30.701656250000003
0.0,0.0,0.0,0.0,33.22075390625
0.0,0.0,0.0,0.0,36.45604296875
0.0,0.0,0.0,0.0,36.55011328125
0.0,0.0,0.0,0.0,36.94679296875
0.0,0.0,0.0,0.0,37.8270703125
0.0,0.0,0.0,0.0,618.0031284308005
0.0,0.0,0.0,0.0,39.29998046875001
0.0,0.0,0.0,0.0,39.97816406250001
0.0,0.0,0.0,0.0,40.77375390625
0.0,0.0,0.0,0.0,41.375734375
0.0,0.0,0.0,0.0,1755.608674650139
0.0,0.0,0.0,0.0,41.75270703125
0.0,0.0,0.0,0.0,41.458863281250004
0.0,0.0,0.0,0.0,40.57249609375
0.0,0.0,0.0,0.0,40.48776171875001
0.0,0.0,0.0,0.0,0.0
0.0,0.0,0.0,0.0,0.0
0.0,0.0,0.0,0.0,34.766402343749995
0.0,0.0,0.0,0.0,771.1347360378188
0.0,0.0,0.0,0.0,943.4434058974141
0.0,0.0,0.0,0.0,805.5674028713345
0.0,0.0,0.0,0.0,594.0124891624272
0.0,0.0,0.0,0.0,77.75658943929935
0.0,0.0,0.0,0.0,29.6476875
0.0,0.0,0.0,0.0,0.0
0.0,0.0,0.0,0.0,0.0
0.0,0.0,0.0,0.0,0.0
0.0,0.0,0.0,0.0,0.0
0.0,0.0,0.0,0.0,469.19530849280557
0.0,0.0,0.0,0.0,1755.608674650139
0.0,0.0,0.0,0.0,1755.608674650139
0.0,0.0,0.0,0.0,677.8742625738182
0.0,0.0,0.0,0.0,36.159761718750005
0.0,0.0,0.0,0.0,36.172351562500005
0.0,0.0,0.0,0.0,36.56487500000001
0.0,0.0,0.0,0.0,37.06741796875
0.0,0.0,0.0,0.0,37.241027343750005
0.0,0.0,0.0,0.0,135.5919149638045
0.0,0.0,0.0,0.0,0.0
0.0,0.0,0.0,0.0,0.0
0.0,0.0,0.0,0.0,0.0
0.0,0.0,0.0,0.0,0.0
0.0,0.0,0.0,0.0,0.0
0.0,0.0,0.0,0.0,0.0
0.0,0.0,0.0,0.0,29.072806640625
0.0,0.0,0.0,0.0,28.81840039062501
0.0,0.0,0.0,0.0,29.205203125000008
0.0,0.0,0.0,0.0,30.550611328125
0.0,0.0,0.0,0.0,0.0
0.0,0.0,0.0,0.0,0.0
0.0,0.0,0.0,0.0,0.0
0.0,0.0,0.0,0.0,0.0
0.0,0.0,0.0,0.0,36.5891484375
0.0,0.0,0.0,0.0,36.360167968750005
0.0,0.0,0.0,0.0,0.0
0.0,0.0,0.0,0.0,36.03295703125
0.0,0.0,0.0,0.0,0.0
0.0,0.0,0.0,0.0,36.7016640625
0.0,0.0,0.0,0.0,37.20408203125
0.0,0.0,0.0,0.0,0.0
0.0,0.0,0.0,0.0,37.852847656250006
0.0,0.0,0.0,0.0,0.0
0.0,0.0,0.0,0.0,38.05715234375
0.0,0.0,0.0,0.0,38.39712500000001
0.0,0.0,0.0,0.0,34.2575169987417
0.0,0.0,0.0,0.0,0.0
0.0,0.0,0.0,0.0,0.0
0.0,0.0,0.0,0.0,29.710509765625005
0.0,0.0,0.0,0.0,0.0
0.0,0.0,0.0,0.0,0.0
0.0,0.0,0.0,0.0,0.0
0.0,0.0,0.0,0.0,29.589783203125
0.0,0.0,0.0,0.0,24.26036604510612
0.0,0.0,0.0,0.0,36.2264296875
0.0,0.0,0.0,0.0,36.41645703125001
0.0,0.0,0.0,0.0,0.0
0.0,0.0,0.0,0.0,36.43458203125
0.0,0.0,0.0,0.0,7.278214843750053
0.0,0.0,0.0,0.0,36.918656250000005
0.0,0.0,0.0,0.0,0.0
0.0,0.0,0.0,0.0,0.0
0.0,0.0,0.0,0.0,0.0
0.0,0.0,0.0,0.0,39.203460937500004
0.0,0.0,0.0,0.0,0.0
0.0,0.0,0.0,0.0,39.323828125
0.0,0.0,0.0,0.0,38.75367578125
0.0,0.0,0.0,0.0,39.36627734375
0.0,0.0,0.0,0.0,39.47386328125
0.0,0.0,0.0,0.0,37.646687500000006
0.0,0.0,0.0,0.0,0.0
0.0,0.0,0.0,0.0,26.601651087967173
0.0,0.0,0.0,0.0,0.0
0.0,0.0,0.0,0.0,0.0
0.0,0.0,0.0,0.0,28.559775390624996
0.0,0.0,0.0,0.0,28.493820312500002
0.0,0.0,0.0,0.0,29.402244140625008
0.0,0.0,0.0,0.0,31.941099609375
0.0,0.0,0.0,0.0,35.299925781249996
0.0,0.0,0.0,0.0,35.73712890624999
0.0,0.0,0.0,0.0,36.17547265625
0.0,0.0,0.0,0.0,37.07172265625001
0.0,0.0,0.0,0.0,37.82444140625001
0.0,0.0,0.0,0.0,38.29532421875
0.0,0.0,0.0,0.0,38.78855078125
0.0,0.0,0.0,0.0,39.55773437500001
0.0,0.0,0.0,0.0,40.09301171875
0.0,0.0,0.0,0.0,1755.608674650139
0.0,0.0,0.0,0.0,40.69007421875
0.0,0.0,0.0,0.0,40.15893359375
0.0,0.0,0.0,0.0,39.3134375
0.0,0.0,0.0,0.0,39.57262109375001
0.0,0.0,0.0,0.0,39.5833515625
0.0,0.0,0.0,0.0,38.31723046875
0.0,0.0,0.0,0.0,36.3710234375
0.0,0.0,0.0,0.0,801.1415101149228
0.0,0.0,0.0,0.0,32.027451171875
0.0,0.0,0.0,0.0,30.63389062500001
0.0,0.0,0.0,0.0,856.7770472466722
0.0,0.0,0.0,0.0,29.405525390625012
0.0,0.0,0.0,0.0,29.414171875
0.0,0.0,0.0,0.0,850.2724297843585
0.0,0.0,0.0,0.0,991.9699078923168
0.0,0.0,0.0,0.0,429.1760510521268
0.0,0.0,0.0,0.0,0.0
0.0,0.0,0.0,0.0,0.0
0.0,0.0,0.0,0.0,0.0
0.0,0.0,0.0,0.0,22852.8761330658
0.0,0.0,0.0,0.0,0.0
0.0,0.0,0.0,0.0,0.0
0.0,0.0,0.0,0.0,0.0
0.0,0.0,0.0,0.0,20072.65547622209
0.0,0.0,0.0,0.0,0.0
0.0,0.0,0.0,0.0,0.0
0.0,0.0,0.0,0.0,0.0
0.0,0.0,0.0,0.0,0.0
0.0,0.0,0.0,0.0,0.0
0.0,0.0,0.0,0.0,0.0
0.0,0.0,0.0,0.0,1017.9661792129527
0.0,0.0,0.0,0.0,34.79616796875
0.0,0.0,0.0,0.0,32.60990625
0.0,0.0,0.0,0.0,30.909882812499994
0.0,0.0,0.0,0.0,29.835240234375
0.0,0.0,0.0,0.0,29.201193359375008
0.0,0.0,0.0,0.0,29.012216796875006
0.0,0.0,0.0,0.0,186.67158693244838
0.0,0.0,0.0,0.0,0.0
0.0,0.0,0.0,0.0,0.0
0.0,0.0,0.0,0.0,0.0
0.0,0.0,0.0,0.0,24.186939187048594
0.0,0.0,0.0,0.0,13.402382989843113
0.0,0.0,0.0,0.0,37.680171875000006
0.0,0.0,0.0,0.0,38.94100000000001
0.0,0.0,0.0,0.0,1379.3943096709393
0.0,0.0,0.0,0.0,40.87400390625001
0.0,0.0,0.0,0.0,123.24340631213336
0.0,0.0,0.0,0.0,81.79372386579331
0.0,0.0,0.0,0.0,41.94916015625
0.0,0.0,0.0,0.0,41.35410546875001
0.0,0.0,0.0,0.0,41.862277343749994
0.0,0.0,0.0,0.0,0.0
0.0,0.0,0.0,0.0,0.0
0.0,0.0,0.0,0.0,37.368121093750005
0.0,0.0,0.0,0.0,34.47028515625001
0.0,0.0,0.0,0.0,32.421703125
0.0,0.0,0.0,0.0,31.137990234375003
0.0,0.0,0.0,0.0,1623.3616191750807
0.0,0.0,0.0,0.0,30.228455078125
0.0,0.0,0.0,0.0,31.054908203125006
0.0,0.0,0.0,0.0,33.584722656250015
0.0,0.0,0.0,0.0,36.83202734375
0.0,0.0,0.0,0.0,1755.608674650139
0.0,0.0,0.0,0.0,37.65343359375
0.0,0.0,0.0,0.0,1755.608674650139
0.0,0.0,0.0,0.0,189.38467755163032
0.0,0.0,0.0,0.0,41.76551171875
0.0,0.0,0.0,0.0,1755.608674650139
0.0,0.0,0.0,0.0,44.57572265625001
0.0,0.0,0.0,0.0,1755.608674650139
0.0,0.0,0.0,0.0,1114.7397190104937
0.0,0.0,0.0,0.0,46.945855468750004
0.0,0.0,0.0,0.0,46.45145703125
0.0,0.0,0.0,0.0,45.311003906250015
0.0,0.0,0.0,0.0,45.39692578125001
0.0,0.0,0.0,0.0,0.0
0.0,0.0,0.0,0.0,0.0
0.0,0.0,0.0,0.0,181850.15028582685
0.0,0.0,0.0,0.0,43404.44568333163
0.0,0.0,0.0,0.0,0.0
0.0,0.0,0.0,0.0,0.0
0.0,0.0,0.0,0.0,0.0
0.0,0.0,0.0,0.0,0.0
0.0,0.0,0.0,0.0,0.0
0.0,0.0,0.0,0.0,0.0
0.0,0.0,0.0,0.0,0.0
0.0,0.0,0.0,0.0,0.0
0.0,0.0,0.0,0.0,0.0
0.0,0.0,0.0,0.0,0.0
0.0,0.0,0.0,0.0,0.0
0.0,0.0,0.0,0.0,0.0
0.0,0.0,0.0,0.0,103365.63618421555
0.0,0.0,0.0,0.0,155798.42304688905
0.0,0.0,0.0,0.0,0.0
0.0,0.0,0.0,0.0,10104.222132730856
0.0,0.0,0.0,0.0,0.0
0.0,0.0,0.0,0.0,150913.4646185267
0.0,0.0,0.0,0.0,373096.5587238901
0.0,0.0,0.0,0.0,399151.3073379488
0.0,0.0,0.0,0.0,0.0
0.0,0.0,0.0,0.0,255959.6936424096
0.0,0.0,0.0,0.0,340182.0550104989
0.0,0.0,0.0,0.0,89102.6685331398
0.0,0.0,0.0,0.0,98133.74866225525
0.0,0.0,0.0,0.0,54611.00632611724
0.0,0.0,0.0,0.0,3295.1053038658238
0.0,0.0,0.0,0.0,0.0
0.0,0.0,0.0,0.0,0.0
0.0,0.0,0.0,0.0,0.0
0.0,0.0,0.0,0.0,0.0
0.0,0.0,0.0,0.0,0.0
0.0,0.0,0.0,0.0,0.0
0.0,0.0,0.0,0.0,0.0
0.0,0.0,0.0,0.0,0.0
0.0,0.0,0.0,0.0,0.0
0.0,0.0,0.0,0.0,0.0
0.0,0.0,0.0,0.0,119654.0919355245
0.0,0.0,0.0,0.0,116235.82701376591
0.0,0.0,0.0,0.0,0.0
0.0,0.0,0.0,0.0,226113.68414527262
0.0,0.0,0.0,0.0,212415.19383240034
0.0,0.0,0.0,0.0,319679.7703586404
0.0,0.0,0.0,0.0,144294.9870711307
0.0,0.0,0.0,0.0,0.0
0.0,0.0,0.0,0.0,0.0
0.0,0.0,0.0,0.0,0.0
0.0,0.0,0.0,0.0,0.0
0.0,0.0,0.0,0.0,0.0
0.0,0.0,0.0,0.0,0.0
0.0,0.0,0.0,0.0,14030.691403867373
0.0,0.0,0.0,0.0,106.39182429932212
0.0,0.0,0.0,0.0,354.06871911136477
0.0,0.0,0.0,0.0,256.9334494631125
0.0,0.0,0.0,0.0,376.53045479892666
0.0,0.0,0.0,0.0,367.72570252519756
0.0,0.0,0.0,0.0,564.2399958377318
0.0,0.0,0.0,0.0,1755.608674650139
0.0,0.0,0.0,0.0,1755.608674650139
0.0,0.0,0.0,0.0,1755.608674650139
0.0,0.0,0.0,0.0,57.34861709548094
0.0,0.0,0.0,0.0,1755.608674650139
0.0,0.0,0.0,0.0,1755.608674650139
0.0,0.0,0.0,0.0,1755.608674650139
0.0,0.0,0.0,0.0,220.0646052782197
0.0,0.0,0.0,0.0,41.152222656250004
0.0,0.0,0.0,0.0,261.708267481685
0.0,0.0,0.0,0.0,0.0
0.0,0.0,0.0,0.0,0.0
0.0,0.0,0.0,0.0,0.0
0.0,0.0,0.0,0.0,0.0
0.0,0.0,0.0,0.0,0.0
0.0,0.0,0.0,0.0,0.0
0.0,0.0,0.0,0.0,0.0
0.0,0.0,0.0,0.0,0.0
0.0,0.0,0.0,0.0,0.0
0.0,0.0,0.0,0.0,0.0
0.0,0.0,0.0,0.0,0.0
0.0,0.0,0.0,0.0,0.0
0.0,0.0,0.0,0.0,0.0
0.0,0.0,0.0,0.0,0.0
0.0,0.0,0.0,0.0,0.0
0.0,0.0,0.0,0.0,0.0
0.0,0.0,0.0,0.0,0.0
0.0,0.0,0.0,0.0,0.0
0.0,0.0,0.0,0.0,0.0
0.0,0.0,0.0,0.0,0.0
0.0,0.0,0.0,0.0,28.990252896731956
0.0,0.0,0.0,0.0,0.0
0.0,0.0,0.0,0.0,0.0
0.0,0.0,0.0,0.0,0.0
0.0,0.0,0.0,0.0,0.0
0.0,0.0,0.0,0.0,37.127121093750006
0.0,0.0,0.0,0.0,35.80166015625
0.0,0.0,0.0,0.0,33.8630625
0.0,0.0,0.0,0.0,31.661048828125
0.0,0.0,0.0,0.0,0.0
0.0,0.0,0.0,0.0,0.0
0.0,0.0,0.0,0.0,1755.608674650139
0.0,0.0,0.0,0.0,27.750138671875003
0.0,0.0,0.0,0.0,27.945906250000004
0.0,0.0,0.0,0.0,28.6601015625
0.0,0.0,0.0,0.0,29.735236328125005
0.0,0.0,0.0,0.0,30.682685546875
0.0,0.0,0.0,0.0,32.451021484375
0.0,0.0,0.0,0.0,33.89840234375001
0.0,0.0,0.0,0.0,34.82612500000001
0.0,0.0,0.0,0.0,35.531609375
0.0,0.0,0.0,0.0,36.26980859375
0.0,0.0,0.0,0.0,37.16830859375
0.0,0.0,0.0,0.0,38.121703124999996
0.0,0.0,0.0,0.0,39.103472656250005
0.0,0.0,0.0,0.0,39.721328125
0.0,0.0,0.0,0.0,39.672171875
0.0,0.0,0.0,0.0,38.70117578125
0.0,0.0,0.0,0.0,38.384046875
0.0,0.0,0.0,0.0,0.0
0.0,0.0,0.0,0.0,194.20793417715618
0.0,0.0,0.0,0.0,206.99961867141613
0.0,0.0,0.0,0.0,292.24374888639915
0.0,0.0,0.0,0.0,659.9568433455395
0.0,0.0,0.0,0.0,29.275373046875
0.0,0.0,0.0,0.0,561994.1331420828
0.0,0.0,0.0,0.0,348318.4220211502
0.0,0.0,0.0,0.0,112456.57363707181
0.0,0.0,0.0,0.0,0.0
0.0,0.0,0.0,0.0,0.0
0.0,0.0,0.0,0.0,0.0
0.0,0.0,0.0,0.0,0.0
0.0,0.0,0.0,0.0,0.0
0.0,0.0,0.0,0.0,445301.63918607903
0.0,0.0,0.0,0.0,479811.6441719332
0.0,0.0,0.0,0.0,551527.6358599787
0.0,0.0,0.0,0.0,616642.9010381473
0.0,0.0,0.0,0.0,736172.7250054039
0.0,0.0,0.0,0.0,809014.9572981688
0.0,0.0,0.0,0.0,1755.608674650139
0.0,0.0,0.0,0.0,1755.608674650139
0.0,0.0,0.0,0.0,1755.608674650139
0.0,0.0,0.0,0.0,609241.3324845091
0.0,0.0,0.0,0.0,0.0
0.0,0.0,0.0,0.0,0.0
0.0,0.0,0.0,0.0,0.0
0.0,0.0,0.0,0.0,0.0
0.0,0.0,0.0,0.0,0.0
0.0,0.0,0.0,0.0,0.0
0.0,0.0,0.0,0.0,0.0
0.0,0.0,0.0,0.0,0.0
0.0,0.0,0.0,0.0,0.0
0.0,0.0,0.0,0.0,0.0
0.0,0.0,0.0,0.0,0.0
0.0,0.0,0.0,0.0,0.0
0.0,0.0,0.0,0.0,0.0
0.0,0.0,0.0,0.0,0.0
0.0,0.0,0.0,0.0,0.0
0.0,0.0,0.0,0.0,45135.43621365079
0.0,0.0,0.0,0.0,42.25851953125
0.0,0.0,0.0,0.0,115.44621951574844
0.0,0.0,0.0,0.0,43.813933593750015
0.0,0.0,0.0,0.0,44.18187109375
0.0,0.0,0.0,0.0,44.366828125
0.0,0.0,0.0,0.0,0.0
0.0,0.0,0.0,0.0,43.00538281250001
0.0,0.0,0.0,0.0,43.19221484375
0.0,0.0,0.0,0.0,43.11321484375001
0.0,0.0,0.0,0.0,8.03725322629404
0.0,0.0,0.0,0.0,37.89744921875
0.0,0.0,0.0,0.0,34.989183593750006
0.0,0.0,0.0,0.0,0.0
0.0,0.0,0.0,0.0,31.807359375000008
0.0,0.0,0.0,0.0,31.039210937499995
0.0,0.0,0.0,0.0,30.89453710937501
0.0,0.0,0.0,0.0,31.722841796874988
0.0,0.0,0.0,0.0,34.24434765625001
0.0,0.0,0.0,0.0,37.39280859375
0.0,0.0,0.0,0.0,37.55731640625
0.0,0.0,0.0,0.0,38.25926171875
0.0,0.0,0.0,0.0,39.556703125
0.0,0.0,0.0,0.0,40.918640625
0.0,0.0,0.0,0.0,42.03003515625001
0.0,0.0,0.0,0.0,42.928925781249994
0.0,0.0,0.0,0.0,43.598832031250005
0.0,0.0,0.0,0.0,43.76013671875
0.0,0.0,0.0,0.0,413.8862819933414
0.0,0.0,0.0,0.0,43.96271875000001
0.0,0.0,0.0,0.0,819.6728689401662
0.0,0.0,0.0,0.0,1682.765562948336
0.0,0.0,0.0,0.0,42.48221484375
0.0,0.0,0.0,0.0,42.20584765625
0.0,0.0,0.0,0.0,39.7627890625
0.0,0.0,0.0,0.0,36.29148828125
0.0,0.0,0.0,0.0,32.91161328124999
0.0,0.0,0.0,0.0,126.25155683593738
0.0,0.0,0.0,0.0,29.67413085937501
0.0,0.0,0.0,0.0,28.999498046875008
0.0,0.0,0.0,0.0,572.5686084843427
0.0,0.0,0.0,0.0,29.909525390625003
0.0,0.0,0.0,0.0,32.8319921875
0.0,0.0,0.0,0.0,0.0
0.0,0.0,0.0,0.0,0.0
0.0,0.0,0.0,0.0,0.0
0.0,0.0,0.0,0.0,0.0
0.0,0.0,0.0,0.0,7.27210578988155
0.0,0.0,0.0,0.0,0.0
0.0,0.0,0.0,0.0,0.0
0.0,0.0,0.0,0.0,0.0
0.0,0.0,0.0,0.0,0.0
0.0,0.0,0.0,0.0,35.78958984375001
0.0,0.0,0.0,0.0,36.12137890625001
0.0,0.0,0.0,0.0,0.0
0.0,0.0,0.0,0.0,0.0
0.0,0.0,0.0,0.0,0.0
0.0,0.0,0.0,0.0,0.0
0.0,0.0,0.0,0.0,36.09420703125
0.0,0.0,0.0,0.0,33.52281640625
0.0,0.0,0.0,0.0,31.107533203125
0.0,0.0,0.0,0.0,29.770296874999996
0.0,0.0,0.0,0.0,29.08936132812501
0.0,0.0,0.0,0.0,28.784177734375003
0.0,0.0,0.0,0.0,0.0
0.0,0.0,0.0,0.0,30.0423125
0.0,0.0,0.0,0.0,32.80608203125
0.0,0.0,0.0,0.0,36.16351953125
0.0,0.0,0.0,0.0,36.264433593750006
0.0,0.0,0.0,0.0,0.0
0.0,0.0,0.0,0.0,9.445288669933833
0.0,0.0,0.0,0.0,37.01913281249999
0.0,0.0,0.0,0.0,37.038007812500005
0.0,0.0,0.0,0.0,0.0
0.0,0.0,0.0,0.0,37.69163671875
0.0,0.0,0.0,0.0,0.0
0.0,0.0,0.0,0.0,38.2385390625
0.0,0.0,0.0,0.0,38.647109375
0.0,0.0,0.0,0.0,38.66597265625
0.0,0.0,0.0,0.0,0.0
0.0,0.0,0.0,0.0,0.0
0.0,0.0,0.0,0.0,0.0
0.0,0.0,0.0,0.0,38.34087109375001
0.0,0.0,0.0,0.0,35.706636718750005
0.0,0.0,0.0,0.0,2.09545701569665
0.0,0.0,0.0,0.0,31.430103515625003
0.0,0.0,0.0,0.0,30.459326171875002
0.0,0.0,0.0,0.0,29.882812500000004
0.0,0.0,0.0,0.0,29.847259765625008
0.0,0.0,0.0,0.0,30.667861328125003
0.0,0.0,0.0,0.0,33.10289453125001
0.0,0.0,0.0,0.0,36.50508984375001
0.0,0.0,0.0,0.0,36.98794531250001
0.0,0.0,0.0,0.0,37.7378046875
0.0,0.0,0.0,0.0,984.5547881961999
0.0,0.0,0.0,0.0,1378.8468713010504
0.0,0.0,0.0,0.0,1504.8351741981194
0.0,0.0,0.0,0.0,42.51984765625001
0.0,0.0,0.0,0.0,43.53591015625
0.0,0.0,0.0,0.0,795.5896594104012
0.0,0.0,0.0,0.0,44.87959765625
0.0,0.0,0.0,0.0,45.06715234375001
0.0,0.0,0.0,0.0,44.39299609375001
0.0,0.0,0.0,0.0,1755.608674650139
0.0,0.0,0.0,0.0,42.50836328125
0.0,0.0,0.0,0.0,641.8158660061333
0.0,0.0,0.0,0.0,40.178984375000006
0.0,0.0,0.0,0.0,1109.2294025233668
0.0,0.0,0.0,0.0,34.91332421874999
0.0,0.0,0.0,0.0,1519.4283245553693
0.0,0.0,0.0,0.0,1405.3978757359557
0.0,0.0,0.0,0.0,1755.608674650139
0.0,0.0,0.0,0.0,1755.608674650139
0.0,0.0,0.0,0.0,30.522865234375
0.0,0.0,0.0,0.0,980.5685996760818
0.0,0.0,0.0,0.0,102528.16482492906
0.0,0.0,0.0,0.0,0.0
0.0,0.0,0.0,0.0,0.0
0.0,0.0,0.0,0.0,0.0
0.0,0.0,0.0,0.0,0.0
0.0,0.0,0.0,0.0,0.0
0.0,0.0,0.0,0.0,0.0
0.0,0.0,0.0,0.0,136477.65742901876
0.0,0.0,0.0,0.0,182772.92591059415
0.0,0.0,0.0,0.0,177663.4652991814
0.0,0.0,0.0,0.0,97771.1228911163
0.0,0.0,0.0,0.0,1561.7423748191193
0.0,0.0,0.0,0.0,0.0
0.0,0.0,0.0,0.0,0.0
0.0,0.0,0.0,0.0,0.0
0.0,0.0,0.0,0.0,0.0
0.0,0.0,0.0,0.0,0.0
0.0,0.0,0.0,0.0,0.0
0.0,0.0,0.0,0.0,0.0
0.0,0.0,0.0,0.0,0.0
0.0,0.0,0.0,0.0,0.0
0.0,0.0,0.0,0.0,0.0
0.0,0.0,0.0,0.0,0.0
0.0,0.0,0.0,0.0,0.0
0.0,0.0,0.0,0.0,0.0
0.0,0.0,0.0,0.0,0.0
0.0,0.0,0.0,0.0,0.0
0.0,0.0,0.0,0.0,362.59503317175756
0.0,0.0,0.0,0.0,1649.3864758006855
0.0,0.0,0.0,0.0,1755.608674650139
0.0,0.0,0.0,0.0,1755.608674650139
0.0,0.0,0.0,0.0,1755.608674650139
0.0,0.0,0.0,0.0,34.33772656250001
0.0,0.0,0.0,0.0,1676.6805231126177
0.0,0.0,0.0,0.0,33.97509765625
0.0,0.0,0.0,0.0,1523.649632369742
0.0,0.0,0.0,0.0,1085.468629294414
0.0,0.0,0.0,0.0,402.02078408921415
0.0,0.0,0.0,0.0,0.0
0.0,0.0,0.0,0.0,235795.24524641378
0.0,0.0,0.0,0.0,454521.72554276785
0.0,0.0,0.0,0.0,1067.3896983776735
0.0,0.0,0.0,0.0,963.7655706645227
0.0,0.0,0.0,0.0,293149.27303457144
0.0,0.0,0.0,0.0,21583.507646772287
0.0,0.0,0.0,0.0,0.0
0.0,0.0,0.0,0.0,0.0
0.0,0.0,0.0,0.0,0.0
0.0,0.0,0.0,0.0,0.0
0.0,0.0,0.0,0.0,0.0
0.0,0.0,0.0,0.0,0.0
0.0,0.0,0.0,0.0,0.0
0.0,0.0,0.0,0.0,0.0
0.0,0.0,0.0,0.0,0.0
0.0,0.0,0.0,0.0,0.0
0.0,0.0,0.0,0.0,0.0
0.0,0.0,0.0,0.0,11877.61860863963
0.0,0.0,0.0,0.0,137521.96272388907
0.0,0.0,0.0,0.0,165121.3968672978
0.0,0.0,0.0,0.0,52113.75869461528
0.0,0.0,0.0,0.0,299195.895544251
0.0,0.0,0.0,0.0,0.0
0.0,0.0,0.0,0.0,0.0
0.0,0.0,0.0,0.0,0.0
0.0,0.0,0.0,0.0,514141.4033758425
0.0,0.0,0.0,0.0,749006.6875954048
0.0,0.0,0.0,0.0,869417.5124526748
0.0,0.0,0.0,0.0,727151.7044954327
0.0,0.0,0.0,0.0,475555.1881480425
0.0,0.0,0.0,0.0,77969.60017583745
0.0,0.0,0.0,0.0,0.0
0.0,0.0,0.0,0.0,0.0
0.0,0.0,0.0,0.0,0.0
0.0,0.0,0.0,0.0,0.0
0.0,0.0,0.0,0.0,0.0
0.0,0.0,0.0,0.0,255.70870297631458
0.0,0.0,0.0,0.0,291.62466215309354
0.0,0.0,0.0,0.0,1755.608674650139
0.0,0.0,0.0,0.0,35.938625
0.0,0.0,0.0,0.0,36.23007421875
0.0,0.0,0.0,0.0,95.04792611048845
0.0,0.0,0.0,0.0,37.24330078125
0.0,0.0,0.0,0.0,37.98594921875001
0.0,0.0,0.0,0.0,38.25161328125001
0.0,0.0,0.0,0.0,124.70629088221169
0.0,0.0,0.0,0.0,38.11367578125
0.0,0.0,0.0,0.0,0.0
0.0,0.0,0.0,0.0,0.0
0.0,0.0,0.0,0.0,33.5618046875
0.0,0.0,0.0,0.0,30.930978515625004
0.0,0.0,0.0,0.0,29.316958984375006
0.0,0.0,0.0,0.0,28.510416015625
0.0,0.0,0.0,0.0,1.1435998221336952
0.0,0.0,0.0,0.0,28.461931640625004
0.0,0.0,0.0,0.0,29.571060546874996
0.0,0.0,0.0,0.0,32.601392578125
0.0,0.0,0.0,0.0,35.98977343750001
0.0,0.0,0.0,0.0,35.907609375
0.0,0.0,0.0,0.0,35.83984375
0.0,0.0,0.0,0.0,36.10018749999999
0.0,0.0,0.0,0.0,36.33201953125
0.0,0.0,0.0,0.0,0.0
0.0,0.0,0.0,0.0,0.0
0.0,0.0,0.0,0.0,38.320578125
0.0,0.0,0.0,0.0,0.0
0.0,0.0,0.0,0.0,40.10805859375001
0.0,0.0,0.0,0.0,40.913265625
0.0,0.0,0.0,0.0,0.0
0.0,0.0,0.0,0.0,0.0
0.0,0.0,0.0,0.0,40.31966796874999
0.0,0.0,0.0,0.0,22.94104977801709
0.0,0.0,0.0,0.0,38.59346093750001
0.0,0.0,0.0,0.0,35.26915625
0.0,0.0,0.0,0.0,32.3478203125
0.0,0.0,0.0,0.0,0.0
0.0,0.0,0.0,0.0,29.366556640625006
0.0,0.0,0.0,0.0,28.77438867187501
0.0,0.0,0.0,0.0,0.0
0.0,0.0,0.0,0.0,29.692412109375006
0.0,0.0,0.0,0.0,32.260296875
0.0,0.0,0.0,0.0,35.29575781250001
0.0,0.0,0.0,0.0,35.54612109375
0.0,0.0,0.0,0.0,36.39946875
0.0,0.0,0.0,0.0,37.62777343749999
0.0,0.0,0.0,0.0,0.0
0.0,0.0,0.0,0.0,39.693589843750004
0.0,0.0,0.0,0.0,40.98936718750001
0.0,0.0,0.0,0.0,42.51790234375001
0.0,0.0,0.0,0.0,0.0
0.0,0.0,0.0,0.0,0.0
0.0,0.0,0.0,0.0,25.439067962513665
0.0,0.0,0.0,0.0,45.812527343750006
0.0,0.0,0.0,0.0,44.74767578125002
0.0,0.0,0.0,0.0,44.423605468750004
0.0,0.0,0.0,0.0,44.505285156250004
0.0,0.0,0.0,0.0,42.2975078125
0.0,0.0,0.0,0.0,39.07083984375
0.0,0.0,0.0,0.0,36.01798828125
0.0,0.0,0.0,0.0,33.82786328125
0.0,0.0,0.0,0.0,0.0
0.0,0.0,0.0,0.0,31.950046875000005
0.0,0.0,0.0,0.0,31.750742187500002
0.0,0.0,0.0,0.0,32.574166015625
0.0,0.0,0.0,0.0,35.08413671875001
0.0,0.0,0.0,0.0,38.18883593750001
0.0,0.0,0.0,0.0,38.589125
0.0,0.0,0.0,0.0,39.4837421875
0.0,0.0,0.0,0.0,40.49610546875
0.0,0.0,0.0,0.0,41.58384765625
0.0,0.0,0.0,0.0,42.4451328125
0.0,0.0,0.0,0.0,43.32295703125
0.0,0.0,0.0,0.0,44.76601953125
0.0,0.0,0.0,0.0,45.91104296875001
0.0,0.0,0.0,0.0,46.75341015624999
0.0,0.0,0.0,0.0,46.79446484375
0.0,0.0,0.0,0.0,45.95281250000001
0.0,0.0,0.0,0.0,44.84009375000001
0.0,0.0,0.0,0.0,44.240796875
0.0,0.0,0.0,0.0,43.80475390625
0.0,0.0,0.0,0.0,41.96289453125
0.0,0.0,0.0,0.0,38.88356640625
0.0,0.0,0.0,0.0,35.68328515625
0.0,0.0,0.0,0.0,32.76910937499999
0.0,0.0,0.0,0.0,1479.0263637964501
0.0,0.0,0.0,0.0,1755.608674650139
0.0,0.0,0.0,0.0,1755.608674650139
0.0,0.0,0.0,0.0,1755.608674650139
0.0,0.0,0.0,0.0,1755.608674650139
0.0,0.0,0.0,0.0,1755.608674650139
0.0,0.0,0.0,0.0,1048.4387749214582
0.0,0.0,0.0,0.0,199.55648628678426
0.0,0.0,0.0,0.0,34.3278828125
0.0,0.0,0.0,0.0,1755.608674650139
0.0,0.0,0.0,0.0,1625.0858767824707
0.0,0.0,0.0,0.0,1755.608674650139
0.0,0.0,0.0,0.0,33.94166406250001
0.0,0.0,0.0,0.0,33.624191406250006
0.0,0.0,0.0,0.0,33.49267578125001
0.0,0.0,0.0,0.0,1755.608674650139
0.0,0.0,0.0,0.0,33.6300625
0.0,0.0,0.0,0.0,199.36748693274524
0.0,0.0,0.0,0.0,34.21582421875054
0.0,0.0,0.0,0.0,34.88598437500118
0.0,0.0,0.0,0.0,0.0
0.0,0.0,0.0,0.0,0.0
0.0,0.0,0.0,0.0,0.0
0.0,0.0,0.0,0.0,0.0
0.0,0.0,0.0,0.0,0.0
0.0,0.0,0.0,0.0,0.0
0.0,0.0,0.0,0.0,0.0
0.0,0.0,0.0,0.0,0.0
0.0,0.0,0.0,0.0,0.0
0.0,0.0,0.0,0.0,0.0
0.0,0.0,0.0,0.0,0.0
0.0,0.0,0.0,0.0,0.0
0.0,0.0,0.0,0.0,1061.2980997466725
0.0,0.0,0.0,0.0,1755.608674650139
0.0,0.0,0.0,0.0,34.434140625
0.0,0.0,0.0,0.0,38.6829611285799
0.0,0.0,0.0,0.0,1507.7897714355236
0.0,0.0,0.0,0.0,33.70209375000001
0.0,0.0,0.0,0.0,33.907910156250004
0.0,0.0,0.0,0.0,34.44101171875
0.0,0.0,0.0,0.0,34.94423828125
0.0,0.0,0.0,0.0,35.08683984375
0.0,0.0,0.0,0.0,35.54759765625
0.0,0.0,0.0,0.0,0.0
0.0,0.0,0.0,0.0,0.0
0.0,0.0,0.0,0.0,0.0
0.0,0.0,0.0,0.0,30.439166015625
0.0,0.0,0.0,0.0,87.80444433585151
0.0,0.0,0.0,0.0,37.804379606995745
0.0,0.0,0.0,0.0,28.525474609375003
0.0,0.0,0.0,0.0,9.8258515498652
0.0,0.0,0.0,0.0,30.360646484375007
0.0,0.0,0.0,0.0,21.307436848812664
0.0,0.0,0.0,0.0,37.0363984375
0.0,0.0,0.0,0.0,37.08463671875
0.0,0.0,0.0,0.0,36.690734375000005
0.0,0.0,0.0,0.0,36.6054453125
0.0,0.0,0.0,0.0,20.183281930333813
0.0,0.0,0.0,0.0,36.8024375
0.0,0.0,0.0,0.0,37.225890625
0.0,0.0,0.0,0.0,0.0
0.0,0.0,0.0,0.0,0.0
0.0,0.0,0.0,0.0,39.51208984375
0.0,0.0,0.0,0.0,40.29621484375
0.0,0.0,0.0,0.0,0.0
0.0,0.0,0.0,0.0,40.239304687499995
0.0,0.0,0.0,0.0,0.0
0.0,0.0,0.0,0.0,40.315914062500006
0.0,0.0,0.0,0.0,0.0
0.0,0.0,0.0,0.0,34.97442578125
0.0,0.0,0.0,0.0,0.0
0.0,0.0,0.0,0.0,30.061900390625002
0.0,0.0,0.0,0.0,28.892648437500007
0.0,0.0,0.0,0.0,28.301296875000006
0.0,0.0,0.0,0.0,28.218474609375
0.0,0.0,0.0,0.0,29.006734375
0.0,0.0,0.0,0.0,31.558130859374998
0.0,0.0,0.0,0.0,34.40423828125001
0.0,0.0,0.0,0.0,34.67426171875
0.0,0.0,0.0,0.0,35.3656640625
0.0,0.0,0.0,0.0,36.33991015624999
0.0,0.0,0.0,0.0,37.51625390625
0.0,0.0,0.0,0.0,38.596703125
0.0,0.0,0.0,0.0,466.41897977875806
0.0,0.0,0.0,0.0,41.35982812500001
0.0,0.0,0.0,0.0,42.84863671875
0.0,0.0,0.0,0.0,44.30056640625001
0.0,0.0,0.0,0.0,45.313886718750005
0.0,0.0,0.0,0.0,45.29643750000001
0.0,0.0,0.0,0.0,44.211937500000005
0.0,0.0,0.0,0.0,43.44152734375
0.0,0.0,0.0,0.0,1755.608674650139
0.0,0.0,0.0,0.0,41.26890625
0.0,0.0,0.0,0.0,37.82395703125
0.0,0.0,0.0,0.0,34.55923828125001
0.0,0.0,0.0,0.0,32.411380859375
0.0,0.0,0.0,0.0,1755.608674650139
0.0,0.0,0.0,0.0,1755.608674650139
0.0,0.0,0.0,0.0,29.91716992187501
0.0,0.0,0.0,0.0,30.608568359375003
0.0,0.0,0.0,0.0,1755.608674650139
0.0,0.0,0.0,0.0,35.8794375
0.0,0.0,0.0,0.0,36.047878906250006
0.0,0.0,0.0,0.0,36.94830859375
0.0,0.0,0.0,0.0,1738.3991923219392
0.0,0.0,0.0,0.0,266.04479573251183
0.0,0.0,0.0,0.0,40.03042578125
0.0,0.0,0.0,0.0,41.072328125000006
0.0,0.0,0.0,0.0,42.04976953125001
0.0,0.0,0.0,0.0,1755.608674650139
0.0,0.0,0.0,0.0,42.94519921875
0.0,0.0,0.0,0.0,43.31846484374999
0.0,0.0,0.0,0.0,43.16005859375
0.0,0.0,0.0,0.0,92.33556080085786
0.0,0.0,0.0,0.0,0.0
0.0,0.0,0.0,0.0,0.0
0.0,0.0,0.0,0.0,0.0
0.0,0.0,0.0,0.0,0.0
0.0,0.0,0.0,0.0,0.0
0.0,0.0,0.0,0.0,0.0
0.0,0.0,0.0,0.0,0.0
0.0,0.0,0.0,0.0,0.0
0.0,0.0,0.0,0.0,0.0
0.0,0.0,0.0,0.0,0.0
0.0,0.0,0.0,0.0,0.0
0.0,0.0,0.0,0.0,0.0
0.0,0.0,0.0,0.0,0.0
0.0,0.0,0.0,0.0,0.0
0.0,0.0,0.0,0.0,0.0
0.0,0.0,0.0,0.0,0.0
0.0,0.0,0.0,0.0,0.0
0.0,0.0,0.0,0.0,0.0
0.0,0.0,0.0,0.0,0.0
0.0,0.0,0.0,0.0,0.0
0.0,0.0,0.0,0.0,0.0
0.0,0.0,0.0,0.0,0.0
0.0,0.0,0.0,0.0,39.70091796875
0.0,0.0,0.0,0.0,0.0
0.0,0.0,0.0,0.0,0.0
0.0,0.0,0.0,0.0,0.0
0.0,0.0,0.0,0.0,0.0
0.0,0.0,0.0,0.0,33.943722656249996
0.0,0.0,0.0,0.0,0.0
0.0,0.0,0.0,0.0,0.0
0.0,0.0,0.0,0.0,0.0
0.0,0.0,0.0,0.0,2.5423614168218758
0.0,0.0,0.0,0.0,28.025458984374996
0.0,0.0,0.0,0.0,15.356682707463102
0.0,0.0,0.0,0.0,0.0
0.0,0.0,0.0,0.0,0.0
0.0,0.0,0.0,0.0,0.0
0.0,0.0,0.0,0.0,35.42132421875
0.0,0.0,0.0,0.0,0.0
0.0,0.0,0.0,0.0,0.0
0.0,0.0,0.0,0.0,0.0
0.0,0.0,0.0,0.0,13.985784487255067
0.0,0.0,0.0,0.0,36.282273437499995
0.0,0.0,0.0,0.0,18.206287367334884
0.0,0.0,0.0,0.0,36.40660937500001
0.0,0.0,0.0,0.0,36.38196093750001
0.0,0.0,0.0,0.0,36.020921875
0.0,0.0,0.0,0.0,35.496359375000004
0.0,0.0,0.0,0.0,0.0
0.0,0.0,0.0,0.0,0.0
0.0,0.0,0.0,0.0,35.013097656250004
0.0,0.0,0.0,0.0,0.0
0.0,0.0,0.0,0.0,31.084470703125
0.0,0.0,0.0,0.0,29.470843749999993
0.0,0.0,0.0,0.0,28.528656250000008
0.0,0.0,0.0,0.0,1755.608674650139
0.0,0.0,0.0,0.0,27.939708984375002
0.0,0.0,0.0,0.0,28.106197265625006
0.0,0.0,0.0,0.0,254.6636155062492
0.0,0.0,0.0,0.0,29.981859375
0.0,0.0,0.0,0.0,31.3939921875
0.0,0.0,0.0,0.0,33.023597656250004
0.0,0.0,0.0,0.0,615.5194353843872
0.0,0.0,0.0,0.0,1135.3010948457188
0.0,0.0,0.0,0.0,1634.0837766803038
0.0,0.0,0.0,0.0,36.3819765625
0.0,0.0,0.0,0.0,36.33165234375
0.0,0.0,0.0,0.0,36.28813671875
0.0,0.0,0.0,0.0,36.33720703125
0.0,0.0,0.0,0.0,1574.4117698868736
0.0,0.0,0.0,0.0,36.034328125
0.0,0.0,0.0,0.0,36.085828125
0.0,0.0,0.0,0.0,36.31015625
0.0,0.0,0.0,0.0,36.56541796875
0.0,0.0,0.0,0.0,509.9719603734237
0.0,0.0,0.0,0.0,698.6360913515746
0.0,0.0,0.0,0.0,802.8651984950088
0.0,0.0,0.0,0.0,692.9362821099846
0.0,0.0,0.0,0.0,29.056835937499994
0.0,0.0,0.0,0.0,93101.26755092498
0.0,0.0,0.0,0.0,0.0
0.0,0.0,0.0,0.0,0.0
0.0,0.0,0.0,0.0,0.0
0.0,0.0,0.0,0.0,0.0
0.0,0.0,0.0,0.0,0.0
0.0,0.0,0.0,0.0,0.0
0.0,0.0,0.0,0.0,2760.5659722386386
0.0,0.0,0.0,0.0,314728.4817925849
0.0,0.0,0.0,0.0,601042.1705974987
0.0,0.0,0.0,0.0,710973.890776799
0.0,0.0,0.0,0.0,834912.8354950936
0.0,0.0,0.0,0.0,1755.608674650139
0.0,0.0,0.0,0.0,1755.608674650139
0.0,0.0,0.0,0.0,1755.608674650139
0.0,0.0,0.0,0.0,823374.9457540805
0.0,0.0,0.0,0.0,716219.0908058065
0.0,0.0,0.0,0.0,0.0
0.0,0.0,0.0,0.0,0.0
0.0,0.0,0.0,0.0,0.0
0.0,0.0,0.0,0.0,0.0
0.0,0.0,0.0,0.0,0.0
0.0,0.0,0.0,0.0,0.0
0.0,0.0,0.0,0.0,0.0
0.0,0.0,0.0,0.0,0.0
0.0,0.0,0.0,0.0,0.0
0.0,0.0,0.0,0.0,0.0
0.0,0.0,0.0,0.0,0.0
0.0,0.0,0.0,0.0,0.0
0.0,0.0,0.0,0.0,0.0
0.0,0.0,0.0,0.0,0.0
0.0,0.0,0.0,0.0,211981.15139873774
0.0,0.0,0.0,0.0,563879.8209565318
0.0,0.0,0.0,0.0,510149.26810522686
0.0,0.0,0.0,0.0,524330.2440319064
0.0,0.0,0.0,0.0,362922.0797983063
0.0,0.0,0.0,0.0,286522.10546476516
0.0,0.0,0.0,0.0,248303.2035671891
0.0,0.0,0.0,0.0,199490.78487211422
0.0,0.0,0.0,0.0,560.1885778551766
0.0,0.0,0.0,0.0,41.785546875
0.0,0.0,0.0,0.0,0.0
0.0,0.0,0.0,0.0,0.0
0.0,0.0,0.0,0.0,0.0
0.0,0.0,0.0,0.0,0.0
0.0,0.0,0.0,0.0,309.9103285964443
0.0,0.0,0.0,0.0,30.12268164062501
0.0,0.0,0.0,0.0,183.64224472538854
0.0,0.0,0.0,0.0,28.273958984375
0.0,0.0,0.0,0.0,28.193021484375
0.0,0.0,0.0,0.0,28.985181640625004
0.0,0.0,0.0,0.0,31.523712890625
0.0,0.0,0.0,0.0,34.27165234374992
0.0,0.0,0.0,0.0,0.0
0.0,0.0,0.0,0.0,35.50792187500001
0.0,0.0,0.0,0.0,36.911265625
0.0,0.0,0.0,0.0,38.388398437499994
0.0,0.0,0.0,0.0,39.937308593750004
0.0,0.0,0.0,0.0,1253.953005880833
0.0,0.0,0.0,0.0,1268.1158606508916
0.0,0.0,0.0,0.0,44.952484375
0.0,0.0,0.0,0.0,1152.589798340158
0.0,0.0,0.0,0.0,47.91212890625
0.0,0.0,0.0,0.0,47.810886718750005
0.0,0.0,0.0,0.0,46.56516796875
0.0,0.0,0.0,0.0,45.41487500000001
0.0,0.0,0.0,0.0,44.86785546875
0.0,0.0,0.0,0.0,42.05580859375
0.0,0.0,0.0,0.0,1441.5375929610186
0.0,0.0,0.0,0.0,402.973147482842
0.0,0.0,0.0,0.0,1755.608674650139
0.0,0.0,0.0,0.0,694.3245993997612
0.0,0.0,0.0,0.0,182.06227871039005
0.0,0.0,0.0,0.0,1345.669189714721
0.0,0.0,0.0,0.0,1414.0432267202102
0.0,0.0,0.0,0.0,690.6125588869861
0.0,0.0,0.0,0.0,855.6211352360656
0.0,0.0,0.0,0.0,947.694110912238
0.0,0.0,0.0,0.0,36.458175781250006
0.0,0.0,0.0,0.0,1755.608674650139
0.0,0.0,0.0,0.0,1755.608674650139
0.0,0.0,0.0,0.0,1755.608674650139
0.0,0.0,0.0,0.0,41.546824218750004
0.0,0.0,0.0,0.0,42.5600625
0.0,0.0,0.0,0.0,112.54988422085182
0.0,0.0,0.0,0.0,83.42200643382031
0.0,0.0,0.0,0.0,25.55975598693789
0.0,0.0,0.0,0.0,41.61387109375055
0.0,0.0,0.0,0.0,0.0
0.0,0.0,0.0,0.0,0.0
0.0,0.0,0.0,0.0,0.0
0.0,0.0,0.0,0.0,0.0
0.0,0.0,0.0,0.0,0.0
0.0,0.0,0.0,0.0,0.0
0.0,0.0,0.0,0.0,0.0
0.0,0.0,0.0,0.0,0.0
0.0,0.0,0.0,0.0,0.0
0.0,0.0,0.0,0.0,0.0
0.0,0.0,0.0,0.0,0.0
0.0,0.0,0.0,0.0,0.0
0.0,0.0,0.0,0.0,0.0
0.0,0.0,0.0,0.0,0.0
0.0,0.0,0.0,0.0,0.0
0.0,0.0,0.0,0.0,419192.46469031443
0.0,0.0,0.0,0.0,701346.6290390034
0.0,0.0,0.0,0.0,691612.4246222802
0.0,0.0,0.0,0.0,711222.8249725917
0.0,0.0,0.0,0.0,758952.7613388714
0.0,0.0,0.0,0.0,884342.6224553498
0.0,0.0,0.0,0.0,1755.608674650139
0.0,0.0,0.0,0.0,1755.608674650139
0.0,0.0,0.0,0.0,1755.608674650139
0.0,0.0,0.0,0.0,1755.608674650139
0.0,0.0,0.0,0.0,557901.5234229227
0.0,0.0,0.0,0.0,0.0
0.0,0.0,0.0,0.0,0.0
0.0,0.0,0.0,0.0,0.0
0.0,0.0,0.0,0.0,0.0
0.0,0.0,0.0,0.0,3904.7421592204314
0.0,0.0,0.0,0.0,37155.73281633973
0.0,0.0,0.0,0.0,0.0
0.0,0.0,0.0,0.0,75824.19741795273
0.0,0.0,0.0,0.0,0.0
0.0,0.0,0.0,0.0,0.0
0.0,0.0,0.0,0.0,0.0
0.0,0.0,0.0,0.0,0.0
0.0,0.0,0.0,0.0,0.0
0.0,0.0,0.0,0.0,0.0
0.0,0.0,0.0,0.0,439209.8462617892
0.0,0.0,0.0,0.0,486548.1120591068
0.0,0.0,0.0,0.0,431240.59516630066
0.0,0.0,0.0,0.0,361395.4873375957
0.0,0.0,0.0,0.0,288895.72294772946
0.0,0.0,0.0,0.0,236374.8777392593
0.0,0.0,0.0,0.0,143567.41527364778
0.0,0.0,0.0,0.0,6301.914595251722
0.0,0.0,0.0,0.0,29401.845267298384
0.0,0.0,0.0,0.0,0.0
0.0,0.0,0.0,0.0,0.0
0.0,0.0,0.0,0.0,0.0
0.0,0.0,0.0,0.0,0.0
0.0,0.0,0.0,0.0,0.0
0.0,0.0,0.0,0.0,0.0
0.0,0.0,0.0,0.0,0.0
0.0,0.0,0.0,0.0,0.0
0.0,0.0,0.0,0.0,0.0
0.0,0.0,0.0,0.0,0.0
0.0,0.0,0.0,0.0,0.0
0.0,0.0,0.0,0.0,0.0
0.0,0.0,0.0,0.0,0.0
0.0,0.0,0.0,0.0,0.0
0.0,0.0,0.0,0.0,34.48583203125
0.0,0.0,0.0,0.0,0.0
0.0,0.0,0.0,0.0,37.377234375
0.0,0.0,0.0,0.0,38.70112890625
0.0,0.0,0.0,0.0,40.17891796875
0.0,0.0,0.0,0.0,41.71859765625
0.0,0.0,0.0,0.0,42.971921875
0.0,0.0,0.0,0.0,43.82928125
0.0,0.0,0.0,0.0,43.88773437500001
0.0,0.0,0.0,0.0,42.69847265625
0.0,0.0,0.0,0.0,41.15911718750001
0.0,0.0,0.0,0.0,0.0
0.0,0.0,0.0,0.0,0.0
0.0,0.0,0.0,0.0,36.186496093749994
0.0,0.0,0.0,0.0,33.58347265625
0.0,0.0,0.0,0.0,31.41005664062501
0.0,0.0,0.0,0.0,0.0
0.0,0.0,0.0,0.0,0.25924200325608826
0.0,0.0,0.0,0.0,28.194375
0.0,0.0,0.0,0.0,27.96150585937501
0.0,0.0,0.0,0.0,28.153271484374994
0.0,0.0,0.0,0.0,28.442376953125
0.0,0.0,0.0,0.0,29.586703124999996
0.0,0.0,0.0,0.0,31.871373046875
0.0,0.0,0.0,0.0,34.11058984375
0.0,0.0,0.0,0.0,36.14486328124999
0.0,0.0,0.0,0.0,0.0
0.0,0.0,0.0,0.0,39.53475000000002
0.0,0.0,0.0,0.0,0.0
0.0,0.0,0.0,0.0,42.13714453125001
0.0,0.0,0.0,0.0,43.1585625
0.0,0.0,0.0,0.0,23.09746356111965
0.0,0.0,0.0,0.0,43.5996328125
0.0,0.0,0.0,0.0,42.58387890625
0.0,0.0,0.0,0.0,41.808429687500016
0.0,0.0,0.0,0.0,41.93651562499999
0.0,0.0,0.0,0.0,29.876507203034194
0.0,0.0,0.0,0.0,0.0
0.0,0.0,0.0,0.0,33.33482421875
0.0,0.0,0.0,0.0,31.170583984375
0.0,0.0,0.0,0.0,29.818677734375008
0.0,0.0,0.0,0.0,29.05246875
0.0,0.0,0.0,0.0,28.889451171874995
0.0,0.0,0.0,0.0,0.0
0.0,0.0,0.0,0.0,0.0
0.0,0.0,0.0,0.0,34.94867578125001
0.0,0.0,0.0,0.0,35.57530078125
0.0,0.0,0.0,0.0,0.0
0.0,0.0,0.0,0.0,38.305546875
0.0,0.0,0.0,0.0,39.77399609375001
0.0,0.0,0.0,0.0,31.040434551886698
0.0,0.0,0.0,0.0,41.86806640625001
0.0,0.0,0.0,0.0,24.29337353728239
0.0,0.0,0.0,0.0,0.0
0.0,0.0,0.0,0.0,43.605640625
0.0,0.0,0.0,0.0,0.0
0.0,0.0,0.0,0.0,0.0
0.0,0.0,0.0,0.0,0.0
0.0,0.0,0.0,0.0,0.0
0.0,0.0,0.0,0.0,43.107207031250006
0.0,0.0,0.0,0.0,41.238964843750004
0.0,0.0,0.0,0.0,38.117359375
0.0,0.0,0.0,0.0,35.18226171875
0.0,0.0,0.0,0.0,0.49264397280929795
0.0,0.0,0.0,0.0,31.911982421875006
0.0,0.0,0.0,0.0,0.0
0.0,0.0,0.0,0.0,0.0
0.0,0.0,0.0,0.0,9.037988400308434
0.0,0.0,0.0,0.0,34.26815234375
0.0,0.0,0.0,0.0,37.19782421875
0.0,0.0,0.0,0.0,37.81281640625
0.0,0.0,0.0,0.0,0.0
0.0,0.0,0.0,0.0,40.14580078125
0.0,0.0,0.0,0.0,41.44912109375001
0.0,0.0,0.0,0.0,0.0
0.0,0.0,0.0,0.0,43.04425390625001
0.0,0.0,0.0,0.0,0.0
0.0,0.0,0.0,0.0,44.42601171875
0.0,0.0,0.0,0.0,44.68071484375
0.0,0.0,0.0,0.0,18.045857498412683
0.0,0.0,0.0,0.0,44.796847656249994
0.0,0.0,0.0,0.0,44.397515625000004
0.0,0.0,0.0,0.0,0.0
0.0,0.0,0.0,0.0,44.79198828125
0.0,0.0,0.0,0.0,43.05983984375
0.0,0.0,0.0,0.0,0.0
0.0,0.0,0.0,0.0,37.07556640625
0.0,0.0,0.0,0.0,35.08694921875001
0.0,0.0,0.0,0.0,0.0
0.0,0.0,0.0,0.0,33.085609375
0.0,0.0,0.0,0.0,32.98378515625
0.0,0.0,0.0,0.0,33.86929687500001
0.0,0.0,0.0,0.0,36.40599609375
0.0,0.0,0.0,0.0,39.4061328125
0.0,0.0,0.0,0.0,39.797183593750006
0.0,0.0,0.0,0.0,40.66586328125
0.0,0.0,0.0,0.0,42.312714843749994
0.0,0.0,0.0,0.0,44.25998828125
0.0,0.0,0.0,0.0,46.046078125
0.0,0.0,0.0,0.0,47.769203125000004
0.0,0.0,0.0,0.0,49.56435937500001
0.0,0.0,0.0,0.0,50.71687890625001
0.0,0.0,0.0,0.0,370.91600407880776
0.0,0.0,0.0,0.0,51.98126562500001
0.0,0.0,0.0,0.0,51.168511718750004
0.0,0.0,0.0,0.0,49.908265625
0.0,0.0,0.0,0.0,49.08779296875001
0.0,0.0,0.0,0.0,48.831363281250006
0.0,0.0,0.0,0.0,835.9231979050861
0.0,0.0,0.0,0.0,43.148203124999995
0.0,0.0,0.0,0.0,39.74918359375
0.0,0.0,0.0,0.0,37.355941406250004
0.0,0.0,0.0,0.0,35.72814453125
0.0,0.0,0.0,0.0,1755.608674650139
0.0,0.0,0.0,0.0,1755.608674650139
0.0,0.0,0.0,0.0,1755.608674650139
0.0,0.0,0.0,0.0,882.5913300270611
0.0,0.0,0.0,0.0,40.12289453125
0.0,0.0,0.0,0.0,994.9969716692153
0.0,0.0,0.0,0.0,1125.5749546455663
0.0,0.0,0.0,0.0,42.969421875
0.0,0.0,0.0,0.0,44.03463671875001
0.0,0.0,0.0,0.0,1755.608674650139
0.0,0.0,0.0,0.0,1755.608674650139
0.0,0.0,0.0,0.0,1755.608674650139
0.0,0.0,0.0,0.0,1755.608674650139
0.0,0.0,0.0,0.0,1755.608674650139
0.0,0.0,0.0,0.0,49.8080625
0.0,0.0,0.0,0.0,77.65665368884143
0.0,0.0,0.0,0.0,308.85471354167703
0.0,0.0,0.0,0.0,47.31763671875116
0.0,0.0,0.0,0.0,0.0
0.0,0.0,0.0,0.0,0.0
0.0,0.0,0.0,0.0,0.0
0.0,0.0,0.0,0.0,0.0
0.0,0.0,0.0,0.0,0.0
0.0,0.0,0.0,0.0,0.0
0.0,0.0,0.0,0.0,10106.232765215454
0.0,0.0,0.0,0.0,61530.81609826843
0.0,0.0,0.0,0.0,0.0
0.0,0.0,0.0,0.0,0.0
0.0,0.0,0.0,0.0,0.0
0.0,0.0,0.0,0.0,0.0
0.0,0.0,0.0,0.0,0.0
0.0,0.0,0.0,0.0,0.0
0.0,0.0,0.0,0.0,163782.70097300902
0.0,0.0,0.0,0.0,415347.0607897139
0.0,0.0,0.0,0.0,256020.01427173516
0.0,0.0,0.0,0.0,10674.252165582262
0.0,0.0,0.0,0.0,0.0
0.0,0.0,0.0,0.0,0.0
0.0,0.0,0.0,0.0,0.0
0.0,0.0,0.0,0.0,124236.20050666729
0.0,0.0,0.0,0.0,0.0
0.0,0.0,0.0,0.0,0.0
0.0,0.0,0.0,0.0,0.0
0.0,0.0,0.0,0.0,0.0
0.0,0.0,0.0,0.0,0.0
0.0,0.0,0.0,0.0,0.0
0.0,0.0,0.0,0.0,0.0
0.0,0.0,0.0,0.0,0.0
0.0,0.0,0.0,0.0,0.0
0.0,0.0,0.0,0.0,0.0
0.0,0.0,0.0,0.0,0.0
0.0,0.0,0.0,0.0,0.0
0.0,0.0,0.0,0.0,0.0
0.0,0.0,0.0,0.0,0.0
0.0,0.0,0.0,0.0,0.0
0.0,0.0,0.0,0.0,24137.301468892336
0.0,0.0,0.0,0.0,136683.6089829786
0.0,0.0,0.0,0.0,483348.233122856
0.0,0.0,0.0,0.0,517028.9239132454
0.0,0.0,0.0,0.0,517722.5730005131
0.0,0.0,0.0,0.0,480790.50208006956
0.0,0.0,0.0,0.0,434619.9279961448
0.0,0.0,0.0,0.0,384037.87859955354
0.0,0.0,0.0,0.0,344832.7964201739
0.0,0.0,0.0,0.0,284741.3341709876
0.0,0.0,0.0,0.0,8088.1671797937215
0.0,0.0,0.0,0.0,0.0
0.0,0.0,0.0,0.0,0.0
0.0,0.0,0.0,0.0,0.0
0.0,0.0,0.0,0.0,0.0
0.0,0.0,0.0,0.0,0.0
0.0,0.0,0.0,0.0,204.33421233066227
0.0,0.0,0.0,0.0,206516.78882093195
0.0,0.0,0.0,0.0,414.2309473173277
0.0,0.0,0.0,0.0,124.23816073990805
0.0,0.0,0.0,0.0,32903.93000422724
0.0,0.0,0.0,0.0,0.0
0.0,0.0,0.0,0.0,0.0
0.0,0.0,0.0,0.0,369.0433395505369
0.0,0.0,0.0,0.0,1755.608674650139
0.0,0.0,0.0,0.0,1635.5665061610905
0.0,0.0,0.0,0.0,39.62346875000001
0.0,0.0,0.0,0.0,41.999988281250005
0.0,0.0,0.0,0.0,190.54986406249998
0.0,0.0,0.0,0.0,46.37864453125
0.0,0.0,0.0,0.0,48.217800781250006
0.0,0.0,0.0,0.0,138.02848487929626
0.0,0.0,0.0,0.0,0.0
0.0,0.0,0.0,0.0,0.0
0.0,0.0,0.0,0.0,0.0
0.0,0.0,0.0,0.0,0.0
0.0,0.0,0.0,0.0,0.0
0.0,0.0,0.0,0.0,0.0
0.0,0.0,0.0,0.0,35.524828125000006
0.0,0.0,0.0,0.0,32.699626953125
0.0,0.0,0.0,0.0,30.954291015625003
0.0,0.0,0.0,0.0,29.9454921875
0.0,0.0,0.0,0.0,29.642056640625007
0.0,0.0,0.0,0.0,23.655005368581346
0.0,0.0,0.0,0.0,32.595708984375015
0.0,0.0,0.0,0.0,16.185862498866094
0.0,0.0,0.0,0.0,0.6084197687998506
0.0,0.0,0.0,0.0,37.624371093750014
0.0,0.0,0.0,0.0,0.0
0.0,0.0,0.0,0.0,23.05519327149852
0.0,0.0,0.0,0.0,45.45051953125001
0.0,0.0,0.0,0.0,48.28375
0.0,0.0,0.0,0.0,51.02249609375
0.0,0.0,0.0,0.0,53.37145312500001
0.0,0.0,0.0,0.0,55.33239062500001
0.0,0.0,0.0,0.0,0.0
0.0,0.0,0.0,0.0,56.306000000000004
0.0,0.0,0.0,0.0,36.78075203533201
0.0,0.0,0.0,0.0,0.0
0.0,0.0,0.0,0.0,25.179415362436146
0.0,0.0,0.0,0.0,46.993511718750014
0.0,0.0,0.0,0.0,42.451683593750005
0.0,0.0,0.0,0.0,0.0
0.0,0.0,0.0,0.0,0.0
0.0,0.0,0.0,0.0,0.0
0.0,0.0,0.0,0.0,0.0
0.0,0.0,0.0,0.0,31.423541015625002
0.0,0.0,0.0,0.0,31.842763671875
0.0,0.0,0.0,0.0,0.0
0.0,0.0,0.0,0.0,33.59861999791397
0.0,0.0,0.0,0.0,37.21537109375
0.0,0.0,0.0,0.0,39.10036328125
0.0,0.0,0.0,0.0,41.452656250000004
0.0,0.0,0.0,0.0,43.96502734375
0.0,0.0,0.0,0.0,33.045081827149815
0.0,0.0,0.0,0.0,48.89464453125
0.0,0.0,0.0,0.0,51.27997265625001
0.0,0.0,0.0,0.0,53.078828125
0.0,0.0,0.0,0.0,54.442328124999996
0.0,0.0,0.0,0.0,54.828183593750005
0.0,0.0,0.0,0.0,54.12794921875
0.0,0.0,0.0,0.0,52.33426953125
0.0,0.0,0.0,0.0,50.23544921875
0.0,0.0,0.0,0.0,0.0
0.0,0.0,0.0,0.0,46.21090234375
0.0,0.0,0.0,0.0,41.926011718750004
0.0,0.0,0.0,0.0,37.88146484375
0.0,0.0,0.0,0.0,35.00013671875001
0.0,0.0,0.0,0.0,0.0
0.0,0.0,0.0,0.0,32.051466796875005
0.0,0.0,0.0,0.0,0.0
0.0,0.0,0.0,0.0,31.850617187500003
0.0,0.0,0.0,0.0,33.931207031250004
0.0,0.0,0.0,0.0,36.1647578125
0.0,0.0,0.0,0.0,0.0
0.0,0.0,0.0,0.0,38.863683593750004
0.0,0.0,0.0,0.0,41.09423046875
0.0,0.0,0.0,0.0,0.0
0.0,0.0,0.0,0.0,45.870546875
0.0,0.0,0.0,0.0,0.0
0.0,0.0,0.0,0.0,50.447328125000006
0.0,0.0,0.0,0.0,0.0
0.0,0.0,0.0,0.0,13.871984564926505
0.0,0.0,0.0,0.0,54.63652734374999
0.0,0.0,0.0,0.0,54.26934765624999
0.0,0.0,0.0,0.0,0.0
0.0,0.0,0.0,0.0,50.25374999999999
0.0,0.0,0.0,0.0,0.0
0.0,0.0,0.0,0.0,46.27042578125
0.0,0.0,0.0,0.0,41.996417968750016
0.0,0.0,0.0,0.0,38.106812500000004
0.0,0.0,0.0,0.0,35.30341406250001
0.0,0.0,0.0,0.0,0.0
0.0,0.0,0.0,0.0,0.0
0.0,0.0,0.0,0.0,0.0
0.0,0.0,0.0,0.0,0.0
0.0,0.0,0.0,0.0,34.32618359375001
0.0,0.0,0.0,0.0,36.562378906250004
0.0,0.0,0.0,0.0,0.0
0.0,0.0,0.0,0.0,39.58416796875001
0.0,0.0,0.0,0.0,0.0
0.0,0.0,0.0,0.0,44.10997265625
0.0,0.0,0.0,0.0,0.0
0.0,0.0,0.0,0.0,0.0
0.0,0.0,0.0,0.0,50.49212890625
0.0,0.0,0.0,0.0,0.0
0.0,0.0,0.0,0.0,53.69172265625001
0.0,0.0,0.0,0.0,54.32404296875001
0.0,0.0,0.0,0.0,53.679167968750015
0.0,0.0,0.0,0.0,0.0
0.0,0.0,0.0,0.0,49.80338671875
0.0,0.0,0.0,0.0,49.05296484375
0.0,0.0,0.0,0.0,0.0
0.0,0.0,0.0,0.0,0.0
0.0,0.0,0.0,0.0,0.0
0.0,0.0,0.0,0.0,0.0
0.0,0.0,0.0,0.0,0.0
0.0,0.0,0.0,0.0,23.11726147496379
0.0,0.0,0.0,0.0,0.0
0.0,0.0,0.0,0.0,33.66383203125
0.0,0.0,0.0,0.0,35.85141015625
0.0,0.0,0.0,0.0,38.205109375
0.0,0.0,0.0,0.0,39.35902734374999
0.0,0.0,0.0,0.0,41.34679296875
0.0,0.0,0.0,0.0,0.0
0.0,0.0,0.0,0.0,45.926402343750006
0.0,0.0,0.0,0.0,0.0
0.0,0.0,0.0,0.0,50.251031250000004
0.0,0.0,0.0,0.0,52.26212890625
0.0,0.0,0.0,0.0,53.795171875000015
0.0,0.0,0.0,0.0,55.14598437499999
0.0,0.0,0.0,0.0,38.81948429562782
0.0,0.0,0.0,0.0,54.99069921875
0.0,0.0,0.0,0.0,0.0
0.0,0.0,0.0,0.0,0.0
0.0,0.0,0.0,0.0,38.57698896725315
0.0,0.0,0.0,0.0,0.0
0.0,0.0,0.0,0.0,21.006574218750107
0.0,0.0,0.0,0.0,41.223921874999995
0.0,0.0,0.0,0.0,25.64935532134424
0.0,0.0,0.0,0.0,36.56166796875
0.0,0.0,0.0,0.0,13.463630221562104
0.0,0.0,0.0,0.0,34.39900781250001
0.0,0.0,0.0,0.0,0.0
0.0,0.0,0.0,0.0,34.73746093750001
0.0,0.0,0.0,0.0,0.0
0.0,0.0,0.0,0.0,37.05442578125001
0.0,0.0,0.0,0.0,3.8994988547714327
0.0,0.0,0.0,0.0,0.0
0.0,0.0,0.0,0.0,45.813015625000006
0.0,0.0,0.0,0.0,0.0
0.0,0.0,0.0,0.0,50.23356640625
0.0,0.0,0.0,0.0,52.00342187500001
0.0,0.0,0.0,0.0,0.0
0.0,0.0,0.0,0.0,0.0
0.0,0.0,0.0,0.0,0.0
0.0,0.0,0.0,0.0,54.68477734375001
0.0,0.0,0.0,0.0,53.089531250000014
0.0,0.0,0.0,0.0,50.88181640625001
0.0,0.0,0.0,0.0,0.0
0.0,0.0,0.0,0.0,47.864109375
0.0,0.0,0.0,0.0,44.95567578125001
0.0,0.0,0.0,0.0,41.94201171875001
0.0,0.0,0.0,0.0,39.286015625000005
0.0,0.0,0.0,0.0,37.35341796875
0.0,0.0,0.0,0.0,35.94857421874999
0.0,0.0,0.0,0.0,34.977535156250006
0.0,0.0,0.0,0.0,34.45748828125001
0.0,0.0,0.0,0.0,34.45378515625001
0.0,0.0,0.0,0.0,34.47633203125
0.0,0.0,0.0,0.0,875.3682318440689
0.0,0.0,0.0,0.0,39.27767578124999
0.0,0.0,0.0,0.0,42.48551953125
0.0,0.0,0.0,0.0,45.179515625
0.0,0.0,0.0,0.0,47.71066015625
0.0,0.0,0.0,0.0,49.924234375
0.0,0.0,0.0,0.0,51.89966015625001
0.0,0.0,0.0,0.0,53.62773046875
0.0,0.0,0.0,0.0,54.95419921875001
0.0,0.0,0.0,0.0,55.529183593750005
0.0,0.0,0.0,0.0,55.24386328125001
0.0,0.0,0.0,0.0,53.880792968750015
0.0,0.0,0.0,0.0,52.16212109375
0.0,0.0,0.0,0.0,51.69287500000001
0.0,0.0,0.0,0.0,289.8344952277654
0.0,0.0,0.0,0.0,45.73689062500001
0.0,0.0,0.0,0.0,41.860109375
0.0,0.0,0.0,0.0,39.00719531250001
0.0,0.0,0.0,0.0,37.25224609375
0.0,0.0,0.0,0.0,974983.5926211992
0.0,0.0,0.0,0.0,1653.9021770897023
0.0,0.0,0.0,0.0,680575.3608938132
0.0,0.0,0.0,0.0,545061.967586922
0.0,0.0,0.0,0.0,727.7571933682686
0.0,0.0,0.0,0.0,264500.54640342656
0.0,0.0,0.0,0.0,376681.80398547003
0.0,0.0,0.0,0.0,1037.8026549328808
0.0,0.0,0.0,0.0,653164.261333012
0.0,0.0,0.0,0.0,761019.4370570594
0.0,0.0,0.0,0.0,743.3103236106672
0.0,0.0,0.0,0.0,55.63500390625
0.0,0.0,0.0,0.0,23.538313198500383
0.0,0.0,0.0,0.0,0.0
0.0,0.0,0.0,0.0,0.0
0.0,0.0,0.0,0.0,0.0
0.0,0.0,0.0,0.0,0.0
0.0,0.0,0.0,0.0,362.7018335060171
0.0,0.0,0.0,0.0,15.148012506400379
0.0,0.0,0.0,0.0,0.0
0.0,0.0,0.0,0.0,0.0
0.0,0.0,0.0,0.0,0.0
0.0,0.0,0.0,0.0,36.392355136105394
0.0,0.0,0.0,0.0,431.768214927208
0.0,0.0,0.0,0.0,301215.17108482233
0.0,0.0,0.0,0.0,390369.72735905723
0.0,0.0,0.0,0.0,248955.52803059638
0.0,0.0,0.0,0.0,4421.955567697518
0.0,0.0,0.0,0.0,0.0
0.0,0.0,0.0,0.0,0.0
0.0,0.0,0.0,0.0,0.0
0.0,0.0,0.0,0.0,483114.5889383866
0.0,0.0,0.0,0.0,627190.3140382551
0.0,0.0,0.0,0.0,230103.48616988244
0.0,0.0,0.0,0.0,4138.253547554876
0.0,0.0,0.0,0.0,0.0
0.0,0.0,0.0,0.0,0.0
0.0,0.0,0.0,0.0,0.0
0.0,0.0,0.0,0.0,0.0
0.0,0.0,0.0,0.0,94750.63836217644
0.0,0.0,0.0,0.0,139425.8238703328
0.0,0.0,0.0,0.0,221715.46140467472
0.0,0.0,0.0,0.0,0.0
0.0,0.0,0.0,0.0,0.0
0.0,0.0,0.0,0.0,0.0
0.0,0.0,0.0,0.0,148724.5559892809
0.0,0.0,0.0,0.0,230381.49779423766
0.0,0.0,0.0,0.0,155738.24044946086
0.0,0.0,0.0,0.0,123.393249586749
0.0,0.0,0.0,0.0,0.0
0.0,0.0,0.0,0.0,0.0
0.0,0.0,0.0,0.0,0.0
0.0,0.0,0.0,0.0,0.0
0.0,0.0,0.0,0.0,0.0
0.0,0.0,0.0,0.0,0.0
0.0,0.0,0.0,0.0,314934.5309680218
0.0,0.0,0.0,0.0,0.0
0.0,0.0,0.0,0.0,0.0
0.0,0.0,0.0,0.0,179683.91043022572
0.0,0.0,0.0,0.0,32571.814009282447
0.0,0.0,0.0,0.0,4278.138840275864
0.0,0.0,0.0,0.0,0.0
0.0,0.0,0.0,0.0,0.0
0.0,0.0,0.0,0.0,0.0
0.0,0.0,0.0,0.0,0.0
0.0,0.0,0.0,0.0,0.0
0.0,0.0,0.0,0.0,0.0
0.0,0.0,0.0,0.0,0.0
0.0,0.0,0.0,0.0,0.0
0.0,0.0,0.0,0.0,108.2330777974987
0.0,0.0,0.0,0.0,298.19980000918565
0.0,0.0,0.0,0.0,317.51051374827244
0.0,0.0,0.0,0.0,437.009108844579
0.0,0.0,0.0,0.0,232.3528847793413
0.0,0.0,0.0,0.0,34.66856640625
0.0,0.0,0.0,0.0,0.0
0.0,0.0,0.0,0.0,0.0
0.0,0.0,0.0,0.0,0.0
0.0,0.0,0.0,0.0,42.49479296874999
0.0,0.0,0.0,0.0,19.383117563476514
0.0,0.0,0.0,0.0,48.801593750000016
0.0,0.0,0.0,0.0,52.11978125000001
0.0,0.0,0.0,0.0,55.47162109375
0.0,0.0,0.0,0.0,45.41723628948057
0.0,0.0,0.0,0.0,60.95457421874998
0.0,0.0,0.0,0.0,62.96711328125
0.0,0.0,0.0,0.0,63.781644531250016
0.0,0.0,0.0,0.0,0.0
0.0,0.0,0.0,0.0,60.95033203125
0.0,0.0,0.0,0.0,58.19254687500001
0.0,0.0,0.0,0.0,0.0
0.0,0.0,0.0,0.0,0.0
0.0,0.0,0.0,0.0,48.3475
0.0,0.0,0.0,0.0,10.409835455596966
0.0,0.0,0.0,0.0,34.16583681626454
0.0,0.0,0.0,0.0,38.42683593750001
0.0,0.0,0.0,0.0,36.766875000000006
0.0,0.0,0.0,0.0,36.01601562500001
0.0,0.0,0.0,0.0,36.2683515625
0.0,0.0,0.0,0.0,38.11107421875
0.0,0.0,0.0,0.0,40.34365625
0.0,0.0,0.0,0.0,41.63306250000001
0.0,0.0,0.0,0.0,44.11022265625001
0.0,0.0,0.0,0.0,47.14156640625
0.0,0.0,0.0,0.0,50.413082031250006
0.0,0.0,0.0,0.0,53.51334375000001
0.0,0.0,0.0,0.0,56.48780078125
0.0,0.0,0.0,0.0,0.0
0.0,0.0,0.0,0.0,0.0
0.0,0.0,0.0,0.0,62.80181250000002
0.0,0.0,0.0,0.0,63.05796875000001
0.0,0.0,0.0,0.0,0.0
0.0,0.0,0.0,0.0,59.16765624999999
0.0,0.0,0.0,0.0,56.16566015625
0.0,0.0,0.0,0.0,0.0
0.0,0.0,0.0,0.0,51.50337890625
0.0,0.0,0.0,0.0,47.88625390625
0.0,0.0,0.0,0.0,44.4145
0.0,0.0,0.0,0.0,17.371232496765693
0.0,0.0,0.0,0.0,39.43018359375001
0.0,0.0,0.0,0.0,1755.608674650139
0.0,0.0,0.0,0.0,1755.608674650139
0.0,0.0,0.0,0.0,1755.608674650139
0.0,0.0,0.0,0.0,1755.608674650139
0.0,0.0,0.0,0.0,1755.608674650139
0.0,0.0,0.0,0.0,1386.1292899452537
0.0,0.0,0.0,0.0,41.879980468750006
0.0,0.0,0.0,0.0,44.833621093750004
0.0,0.0,0.0,0.0,1755.608674650139
0.0,0.0,0.0,0.0,50.296890625
0.0,0.0,0.0,0.0,52.584640625000006
0.0,0.0,0.0,0.0,54.60238671875
0.0,0.0,0.0,0.0,56.078753906250014
0.0,0.0,0.0,0.0,56.94315234374999
0.0,0.0,0.0,0.0,1332.8326005253632
0.0,0.0,0.0,0.0,1427.9412516847804
0.0,0.0,0.0,0.0,54.509167968750006
0.0,0.0,0.0,0.0,52.30684765625001
0.0,0.0,0.0,0.0,5.535070639338813
0.0,0.0,0.0,0.0,0.0
0.0,0.0,0.0,0.0,46.11482421875
0.0,0.0,0.0,0.0,43.14810546875001
0.0,0.0,0.0,0.0,40.551484375
0.0,0.0,0.0,0.0,38.52021484375
0.0,0.0,0.0,0.0,1755.608674650139
0.0,0.0,0.0,0.0,1269.9327744059754
0.0,0.0,0.0,0.0,1288.096845637453
0.0,0.0,0.0,0.0,234.79179687497953
0.0,0.0,0.0,0.0,35.2946210937478
0.0,0.0,0.0,0.0,0.0
0.0,0.0,0.0,0.0,0.0
0.0,0.0,0.0,0.0,1634.2536847012914
0.0,0.0,0.0,0.0,50738.1866250791
0.0,0.0,0.0,0.0,194.50107241607034
0.0,0.0,0.0,0.0,36.842080431205204
0.0,0.0,0.0,0.0,26.351545534733138
0.0,0.0,0.0,0.0,26.85019783483398
0.0,0.0,0.0,0.0,0.0
0.0,0.0,0.0,0.0,0.0
0.0,0.0,0.0,0.0,0.0
0.0,0.0,0.0,0.0,0.0
0.0,0.0,0.0,0.0,0.0
0.0,0.0,0.0,0.0,0.0
0.0,0.0,0.0,0.0,0.0
0.0,0.0,0.0,0.0,0.0
0.0,0.0,0.0,0.0,0.0
0.0,0.0,0.0,0.0,0.0
0.0,0.0,0.0,0.0,0.0
0.0,0.0,0.0,0.0,0.0
0.0,0.0,0.0,0.0,0.0
0.0,0.0,0.0,0.0,0.0
0.0,0.0,0.0,0.0,0.0
0.0,0.0,0.0,0.0,0.0
0.0,0.0,0.0,0.0,0.0
0.0,0.0,0.0,0.0,0.0
0.0,0.0,0.0,0.0,0.0
0.0,0.0,0.0,0.0,0.0
0.0,0.0,0.0,0.0,0.0
0.0,0.0,0.0,0.0,109351.86048209941
0.0,0.0,0.0,0.0,212365.5770170312
0.0,0.0,0.0,0.0,30524.80670577646
0.0,0.0,0.0,0.0,0.0
0.0,0.0,0.0,0.0,0.0
0.0,0.0,0.0,0.0,0.0
0.0,0.0,0.0,0.0,0.0
0.0,0.0,0.0,0.0,0.0
0.0,0.0,0.0,0.0,0.0
0.0,0.0,0.0,0.0,0.0
0.0,0.0,0.0,0.0,0.0
0.0,0.0,0.0,0.0,373466.69457206863
0.0,0.0,0.0,0.0,642315.2960763199
0.0,0.0,0.0,0.0,762910.1155787037
0.0,0.0,0.0,0.0,802541.6849524714
0.0,0.0,0.0,0.0,611894.8041820036
0.0,0.0,0.0,0.0,374773.3541616184
0.0,0.0,0.0,0.0,0.0
0.0,0.0,0.0,0.0,0.0
0.0,0.0,0.0,0.0,0.0
0.0,0.0,0.0,0.0,0.0
0.0,0.0,0.0,0.0,0.0
0.0,0.0,0.0,0.0,0.0
0.0,0.0,0.0,0.0,0.0
0.0,0.0,0.0,0.0,275355.92165104876
0.0,0.0,0.0,0.0,450615.26767186547
0.0,0.0,0.0,0.0,309595.1812688294
0.0,0.0,0.0,0.0,300905.5886858147
0.0,0.0,0.0,0.0,412312.59139877907
0.0,0.0,0.0,0.0,659.8620443223925
0.0,0.0,0.0,0.0,553.8102307254895
0.0,0.0,0.0,0.0,367.5959969217072
0.0,0.0,0.0,0.0,0.0
0.0,0.0,0.0,0.0,0.0
0.0,0.0,0.0,0.0,175.8937906566381
0.0,0.0,0.0,0.0,563111.0547217537
0.0,0.0,0.0,0.0,1323.025145241438
0.0,0.0,0.0,0.0,1253.8870790290796
0.0,0.0,0.0,0.0,641617.1382126813
0.0,0.0,0.0,0.0,623998.9023408408
0.0,0.0,0.0,0.0,395554.2034903249
0.0,0.0,0.0,0.0,135074.91645804042
0.0,0.0,0.0,0.0,0.0
0.0,0.0,0.0,0.0,0.0
0.0,0.0,0.0,0.0,22487.316236592145
0.0,0.0,0.0,0.0,182381.65824478873
0.0,0.0,0.0,0.0,0.0
0.0,0.0,0.0,0.0,0.0
0.0,0.0,0.0,0.0,27368.83091442558
0.0,0.0,0.0,0.0,30503.260012223447
0.0,0.0,0.0,0.0,0.0
0.0,0.0,0.0,0.0,121170.01766344324
0.0,0.0,0.0,0.0,0.0
0.0,0.0,0.0,0.0,0.0
0.0,0.0,0.0,0.0,32765.412646585126
0.0,0.0,0.0,0.0,0.0
0.0,0.0,0.0,0.0,0.0
0.0,0.0,0.0,0.0,0.0
0.0,0.0,0.0,0.0,0.0
0.0,0.0,0.0,0.0,392097.3331873287
0.0,0.0,0.0,0.0,626063.1760462682
0.0,0.0,0.0,0.0,633249.9107838282
0.0,0.0,0.0,0.0,525581.9301990262
0.0,0.0,0.0,0.0,459598.7371646944
0.0,0.0,0.0,0.0,287562.3158852038
0.0,0.0,0.0,0.0,0.0
0.0,0.0,0.0,0.0,0.0
0.0,0.0,0.0,0.0,0.0
0.0,0.0,0.0,0.0,0.0
0.0,0.0,0.0,0.0,298295.9179392215
0.0,0.0,0.0,0.0,64408.95598393305
0.0,0.0,0.0,0.0,157073.68685474718
0.0,0.0,0.0,0.0,48090.764169664464
0.0,0.0,0.0,0.0,13397.542569176192
0.0,0.0,0.0,0.0,0.0
0.0,0.0,0.0,0.0,0.0
0.0,0.0,0.0,0.0,0.0
0.0,0.0,0.0,0.0,2946.051055441784
0.0,0.0,0.0,0.0,61209.01509247023
0.0,0.0,0.0,0.0,0.0
0.0,0.0,0.0,0.0,0.0
0.0,0.0,0.0,0.0,0.0
0.0,0.0,0.0,0.0,0.0
0.0,0.0,0.0,0.0,3960.1562569549274
0.0,0.0,0.0,0.0,363806.7507410371
0.0,0.0,0.0,0.0,515815.5163441188
0.0,0.0,0.0,0.0,707327.0346865776
0.0,0.0,0.0,0.0,623625.2131865022
0.0,0.0,0.0,0.0,469063.7980331159
0.0,0.0,0.0,0.0,242856.18543810496
0.0,0.0,0.0,0.0,54650.011822031425
0.0,0.0,0.0,0.0,0.0
0.0,0.0,0.0,0.0,312472.0869631192
0.0,0.0,0.0,0.0,615669.3246901713
0.0,0.0,0.0,0.0,603550.2111534472
0.0,0.0,0.0,0.0,166136.09550341612
0.0,0.0,0.0,0.0,0.0
0.0,0.0,0.0,0.0,0.0
0.0,0.0,0.0,0.0,0.0
0.0,0.0,0.0,0.0,0.0
0.0,0.0,0.0,0.0,0.0
0.0,0.0,0.0,0.0,0.0
0.0,0.0,0.0,0.0,0.0
0.0,0.0,0.0,0.0,0.0
0.0,0.0,0.0,0.0,0.0
0.0,0.0,0.0,0.0,0.0
0.0,0.0,0.0,0.0,0.0
0.0,0.0,0.0,0.0,247181.98218800465
0.0,0.0,0.0,0.0,457372.92690173286
0.0,0.0,0.0,0.0,587652.3788344424
0.0,0.0,0.0,0.0,697783.9342203748
0.0,0.0,0.0,0.0,656748.2325588932
0.0,0.0,0.0,0.0,539949.616267616
0.0,0.0,0.0,0.0,424134.5545501262
0.0,0.0,0.0,0.0,239171.4189979428
0.0,0.0,0.0,0.0,0.0
0.0,0.0,0.0,0.0,352306.134953065
0.0,0.0,0.0,0.0,532318.8018050573
0.0,0.0,0.0,0.0,441523.6855117254
0.0,0.0,0.0,0.0,34865.31842847503
0.0,0.0,0.0,0.0,0.0
0.0,0.0,0.0,0.0,0.0
0.0,0.0,0.0,0.0,0.0
0.0,0.0,0.0,0.0,0.0
0.0,0.0,0.0,0.0,0.0
0.0,0.0,0.0,0.0,0.0
0.0,0.0,0.0,0.0,0.0
0.0,0.0,0.0,0.0,0.0
0.0,0.0,0.0,0.0,0.0
0.0,0.0,0.0,0.0,0.0
0.0,0.0,0.0,0.0,143.42128939927676
0.0,0.0,0.0,0.0,44.398425781250005
0.0,0.0,0.0,0.0,41.37266015625001
0.0,0.0,0.0,0.0,38.96618750000001
0.0,0.0,0.0,0.0,37.27512890625
0.0,0.0,0.0,0.0,35.96606640625001
0.0,0.0,0.0,0.0,3.0816020784197655
0.0,0.0,0.0,0.0,34.79248046875001
0.0,0.0,0.0,0.0,34.49976953125
0.0,0.0,0.0,0.0,36.65973437499999
0.0,0.0,0.0,0.0,40.51576171875
0.0,0.0,0.0,0.0,72.94882368684702
0.0,0.0,0.0,0.0,48.976015625
0.0,0.0,0.0,0.0,52.971703125000005
0.0,0.0,0.0,0.0,56.298312500000016
0.0,0.0,0.0,0.0,28.7587881618548
0.0,0.0,0.0,0.0,46.763113449887406
0.0,0.0,0.0,0.0,61.46655078124999
0.0,0.0,0.0,0.0,37.09384395596066
0.0,0.0,0.0,0.0,60.884203125000006
0.0,0.0,0.0,0.0,59.374406250000014
0.0,0.0,0.0,0.0,56.88365625
0.0,0.0,0.0,0.0,0.0
0.0,0.0,0.0,0.0,0.0
0.0,0.0,0.0,0.0,49.126718749999995
0.0,0.0,0.0,0.0,45.397203125
0.0,0.0,0.0,0.0,42.185992187500005
0.0,0.0,0.0,0.0,39.7132734375
0.0,0.0,0.0,0.0,37.90977734375
0.0,0.0,0.0,0.0,36.77152343750001
0.0,0.0,0.0,0.0,36.335945312500016
0.0,0.0,0.0,0.0,1094.9024348146124
0.0,0.0,0.0,0.0,693.6828429156251
0.0,0.0,0.0,0.0,115.02084670633936
0.0,0.0,0.0,0.0,42.15083984375
0.0,0.0,0.0,0.0,46.87089453125
0.0,0.0,0.0,0.0,51.298375
0.0,0.0,0.0,0.0,55.07429296875001
0.0,0.0,0.0,0.0,1209.9809586648987
0.0,0.0,0.0,0.0,60.33853125000001
0.0,0.0,0.0,0.0,61.914800781250015
0.0,0.0,0.0,0.0,63.09205078125
0.0,0.0,0.0,0.0,63.57658203124999
0.0,0.0,0.0,0.0,63.07819140625
0.0,0.0,0.0,0.0,61.41962500000001
0.0,0.0,0.0,0.0,649.587471225198
0.0,0.0,0.0,0.0,0.0
0.0,0.0,0.0,0.0,0.0
0.0,0.0,0.0,0.0,49.77834765625001
0.0,0.0,0.0,0.0,1146.1932379901953
0.0,0.0,0.0,0.0,41.97197265625
0.0,0.0,0.0,0.0,1755.608674650139
0.0,0.0,0.0,0.0,37.92583984375
0.0,0.0,0.0,0.0,37.04858984375001
0.0,0.0,0.0,0.0,1599.641187874749
0.0,0.0,0.0,0.0,456.5120969330294
0.0,0.0,0.0,0.0,40.996859375
0.0,0.0,0.0,0.0,252.9820553780219
0.0,0.0,0.0,0.0,733.5091261185315
0.0,0.0,0.0,0.0,1085.0338304637937
0.0,0.0,0.0,0.0,1755.608674650139
0.0,0.0,0.0,0.0,58.231453125
0.0,0.0,0.0,0.0,61.15750390625
0.0,0.0,0.0,0.0,0.0
0.0,0.0,0.0,0.0,0.0
0.0,0.0,0.0,0.0,0.0
0.0,0.0,0.0,0.0,0.0
0.0,0.0,0.0,0.0,0.0
0.0,0.0,0.0,0.0,0.0
0.0,0.0,0.0,0.0,0.0
0.0,0.0,0.0,0.0,0.0
0.0,0.0,0.0,0.0,0.0
0.0,0.0,0.0,0.0,0.0
0.0,0.0,0.0,0.0,47.0308125
0.0,0.0,0.0,0.0,43.73705859375
0.0,0.0,0.0,0.0,41.31208984375001
0.0,0.0,0.0,0.0,941.6101535641141
0.0,0.0,0.0,0.0,1001.5138321830485
0.0,0.0,0.0,0.0,949.6266387610362
0.0,0.0,0.0,0.0,40.4574375
0.0,0.0,0.0,0.0,370.04769055609967
0.0,0.0,0.0,0.0,44.130125
0.0,0.0,0.0,0.0,46.97467578124999
0.0,0.0,0.0,0.0,1755.608674650139
0.0,0.0,0.0,0.0,1755.608674650139
0.0,0.0,0.0,0.0,987.6061913280066
0.0,0.0,0.0,0.0,60.073984375
0.0,0.0,0.0,0.0,53.96188998064405
0.0,0.0,0.0,0.0,0.0
0.0,0.0,0.0,0.0,0.0
0.0,0.0,0.0,0.0,0.0
0.0,0.0,0.0,0.0,66.47046093750001
0.0,0.0,0.0,0.0,647.6643091954867
0.0,0.0,0.0,0.0,61.65362109375
0.0,0.0,0.0,0.0,0.0
0.0,0.0,0.0,0.0,0.0
0.0,0.0,0.0,0.0,1.1899777457109728
0.0,0.0,0.0,0.0,838.8631680530247
0.0,0.0,0.0,0.0,1238.7573718504996
0.0,0.0,0.0,0.0,42.15853125
0.0,0.0,0.0,0.0,1351.8355380603707
0.0,0.0,0.0,0.0,39.64157421875
0.0,0.0,0.0,0.0,1197.6931995155517
0.0,0.0,0.0,0.0,41.51438671875001
0.0,0.0,0.0,0.0,271.3763736063132
0.0,0.0,0.0,0.0,217.87150291790385
0.0,0.0,0.0,0.0,1097.9644605441345
0.0,0.0,0.0,0.0,486.43743591550424
0.0,0.0,0.0,0.0,54.09093750000002
0.0,0.0,0.0,0.0,57.23250390625001
0.0,0.0,0.0,0.0,0.0
0.0,0.0,0.0,0.0,0.0
0.0,0.0,0.0,0.0,0.0
0.0,0.0,0.0,0.0,0.0
0.0,0.0,0.0,0.0,0.0
0.0,0.0,0.0,0.0,0.0
0.0,0.0,0.0,0.0,0.0
0.0,0.0,0.0,0.0,0.0
0.0,0.0,0.0,0.0,0.0
0.0,0.0,0.0,0.0,0.0
0.0,0.0,0.0,0.0,22.153091257883304
0.0,0.0,0.0,0.0,0.0
0.0,0.0,0.0,0.0,0.0
0.0,0.0,0.0,0.0,0.0
0.0,0.0,0.0,0.0,41.539035156249994
0.0,0.0,0.0,0.0,40.635941406250005
0.0,0.0,0.0,0.0,40.67593359375
0.0,0.0,0.0,0.0,42.06341015625001
0.0,0.0,0.0,0.0,43.345261718749995
0.0,0.0,0.0,0.0,45.07234765625001
0.0,0.0,0.0,0.0,47.807015625000005
0.0,0.0,0.0,0.0,51.112265625
0.0,0.0,0.0,0.0,54.77250000000001
0.0,0.0,0.0,0.0,58.05714062500002
0.0,0.0,0.0,0.0,61.31952734375002
0.0,0.0,0.0,0.0,68.50581401025664
0.0,0.0,0.0,0.0,66.59185156250001
0.0,0.0,0.0,0.0,67.64507812500003
0.0,0.0,0.0,0.0,67.84350781250001
0.0,0.0,0.0,0.0,67.0702734375
0.0,0.0,0.0,0.0,64.98156250000001
0.0,0.0,0.0,0.0,61.98951171875001
0.0,0.0,0.0,0.0,0.0
0.0,0.0,0.0,0.0,0.0
0.0,0.0,0.0,0.0,53.79075000000001
0.0,0.0,0.0,0.0,49.430125000000004
0.0,0.0,0.0,0.0,46.21268359375
0.0,0.0,0.0,0.0,43.92980859375
0.0,0.0,0.0,0.0,535205.3266929066
0.0,0.0,0.0,0.0,526565.037168036
0.0,0.0,0.0,0.0,483945.35097235744
0.0,0.0,0.0,0.0,364736.61959369143
0.0,0.0,0.0,0.0,367188.3391699035
0.0,0.0,0.0,0.0,187679.49716302071
0.0,0.0,0.0,0.0,545905.6101078354
0.0,0.0,0.0,0.0,1755.608674650139
0.0,0.0,0.0,0.0,1755.608674650139
0.0,0.0,0.0,0.0,749315.5490022348
0.0,0.0,0.0,0.0,539864.8352541158
0.0,0.0,0.0,0.0,373592.1130980335
0.0,0.0,0.0,0.0,249496.19290599055
0.0,0.0,0.0,0.0,220133.44380765953
0.0,0.0,0.0,0.0,191956.47071756798
0.0,0.0,0.0,0.0,233292.30920505503
0.0,0.0,0.0,0.0,35165.63022953221
0.0,0.0,0.0,0.0,24288.626273166225
0.0,0.0,0.0,0.0,0.0
0.0,0.0,0.0,0.0,0.0
0.0,0.0,0.0,0.0,0.0
0.0,0.0,0.0,0.0,0.0
0.0,0.0,0.0,0.0,16846.394949399
0.0,0.0,0.0,0.0,130170.68984053978
0.0,0.0,0.0,0.0,213626.41450629904
0.0,0.0,0.0,0.0,244794.4033725128
0.0,0.0,0.0,0.0,268801.95506049355
0.0,0.0,0.0,0.0,274742.8115148682
0.0,0.0,0.0,0.0,221628.3002798815
0.0,0.0,0.0,0.0,101034.40301157213
0.0,0.0,0.0,0.0,314019.0768529743
0.0,0.0,0.0,0.0,607046.8847131847
0.0,0.0,0.0,0.0,918373.4247748666
0.0,0.0,0.0,0.0,489441.9861478094
0.0,0.0,0.0,0.0,114505.65653445477
0.0,0.0,0.0,0.0,0.0
0.0,0.0,0.0,0.0,0.0
0.0,0.0,0.0,0.0,0.0
0.0,0.0,0.0,0.0,0.0
0.0,0.0,0.0,0.0,0.0
0.0,0.0,0.0,0.0,0.0
0.0,0.0,0.0,0.0,0.0
0.0,0.0,0.0,0.0,0.0
0.0,0.0,0.0,0.0,0.0
0.0,0.0,0.0,0.0,0.0
0.0,0.0,0.0,0.0,0.0
0.0,0.0,0.0,0.0,19704.01352870339
0.0,0.0,0.0,0.0,154670.59646856756
0.0,0.0,0.0,0.0,130819.30478520066
0.0,0.0,0.0,0.0,88081.67883286708
0.0,0.0,0.0,0.0,0.0
0.0,0.0,0.0,0.0,0.0
0.0,0.0,0.0,0.0,0.0
0.0,0.0,0.0,0.0,0.0
0.0,0.0,0.0,0.0,0.0
0.0,0.0,0.0,0.0,0.0
0.0,0.0,0.0,0.0,0.0
0.0,0.0,0.0,0.0,0.0
0.0,0.0,0.0,0.0,0.0
0.0,0.0,0.0,0.0,0.0
0.0,0.0,0.0,0.0,109247.6294146157
0.0,0.0,0.0,0.0,33862.66464047117
0.0,0.0,0.0,0.0,28033.194755232646
0.0,0.0,0.0,0.0,0.0
0.0,0.0,0.0,0.0,0.0
0.0,0.0,0.0,0.0,0.0
0.0,0.0,0.0,0.0,0.0
0.0,0.0,0.0,0.0,0.0
0.0,0.0,0.0,0.0,0.0
0.0,0.0,0.0,0.0,250231.0554792243
0.0,0.0,0.0,0.0,638095.8581683695
0.0,0.0,0.0,0.0,749040.630603293
0.0,0.0,0.0,0.0,802747.971590573
0.0,0.0,0.0,0.0,728392.5224186571
0.0,0.0,0.0,0.0,520565.85635293095
0.0,0.0,0.0,0.0,296918.8422726562
0.0,0.0,0.0,0.0,81557.30429570861
0.0,0.0,0.0,0.0,0.0
0.0,0.0,0.0,0.0,27131.25604615499
0.0,0.0,0.0,0.0,555610.1665356539
0.0,0.0,0.0,0.0,226392.23617289076
0.0,0.0,0.0,0.0,0.0
0.0,0.0,0.0,0.0,0.0
0.0,0.0,0.0,0.0,0.0
0.0,0.0,0.0,0.0,0.0
0.0,0.0,0.0,0.0,0.0
0.0,0.0,0.0,0.0,0.0
0.0,0.0,0.0,0.0,0.0
0.0,0.0,0.0,0.0,0.0
0.0,0.0,0.0,0.0,0.0
0.0,0.0,0.0,0.0,0.0
0.0,0.0,0.0,0.0,0.0
0.0,0.0,0.0,0.0,10010.418046745277
0.0,0.0,0.0,0.0,391235.72619533364
0.0,0.0,0.0,0.0,687512.4963918884
0.0,0.0,0.0,0.0,712485.3266881665
0.0,0.0,0.0,0.0,1280.4793204503776
0.0,0.0,0.0,0.0,343.22497615620176
0.0,0.0,0.0,0.0,438858.21866464184
0.0,0.0,0.0,0.0,225839.74852567393
0.0,0.0,0.0,0.0,10762.548881077386
0.0,0.0,0.0,0.0,0.0
0.0,0.0,0.0,0.0,80270.0626225881
0.0,0.0,0.0,0.0,416501.704609695
0.0,0.0,0.0,0.0,54.996496093750004
0.0,0.0,0.0,0.0,203579.33216115253
0.0,0.0,0.0,0.0,0.0
0.0,0.0,0.0,0.0,0.0
0.0,0.0,0.0,0.0,0.0
0.0,0.0,0.0,0.0,0.0
0.0,0.0,0.0,0.0,0.0
0.0,0.0,0.0,0.0,0.0
0.0,0.0,0.0,0.0,0.0
0.0,0.0,0.0,0.0,0.0
0.0,0.0,0.0,0.0,0.0
0.0,0.0,0.0,0.0,0.0
0.0,0.0,0.0,0.0,53.324656250000004
0.0,0.0,0.0,0.0,49.02433203124999
0.0,0.0,0.0,0.0,45.48323828125
0.0,0.0,0.0,0.0,42.85225390625
0.0,0.0,0.0,0.0,41.04308203125
0.0,0.0,0.0,0.0,40.02362109375
0.0,0.0,0.0,0.0,40.07035156250001
0.0,0.0,0.0,0.0,41.410953125000006
0.0,0.0,0.0,0.0,42.7446953125
0.0,0.0,0.0,0.0,44.74377734375001
0.0,0.0,0.0,0.0,47.69251171875
0.0,0.0,0.0,0.0,51.28921484375001
0.0,0.0,0.0,0.0,54.95035546875002
0.0,0.0,0.0,0.0,58.07033203125
0.0,0.0,0.0,0.0,60.95697265624999
0.0,0.0,0.0,0.0,63.520066406249995
0.0,0.0,0.0,0.0,65.33982421875001
0.0,0.0,0.0,0.0,66.1060546875
0.0,0.0,0.0,0.0,65.63407031249999
0.0,0.0,0.0,0.0,63.45821484375002
0.0,0.0,0.0,0.0,60.81286328125
0.0,0.0,0.0,0.0,58.15725390625
0.0,0.0,0.0,0.0,56.38016015625
0.0,0.0,0.0,0.0,53.490558593750016
0.0,0.0,0.0,0.0,49.461984375
0.0,0.0,0.0,0.0,45.452765625000005
0.0,0.0,0.0,0.0,42.33678515625
0.0,0.0,0.0,0.0,40.14784375000001
0.0,0.0,0.0,0.0,38.523210937500004
0.0,0.0,0.0,0.0,37.77200390625
0.0,0.0,0.0,0.0,37.879730468750004
0.0,0.0,0.0,0.0,1230.6686568847367
0.0,0.0,0.0,0.0,40.22340234375
0.0,0.0,0.0,0.0,42.30655078125001
0.0,0.0,0.0,0.0,45.18800390625
0.0,0.0,0.0,0.0,48.97323437499999
0.0,0.0,0.0,0.0,52.90806250000001
0.0,0.0,0.0,0.0,282.76595798856624
0.0,0.0,0.0,0.0,59.57287500000002
0.0,0.0,0.0,0.0,259.0100873176407
0.0,0.0,0.0,0.0,63.81164453125002
0.0,0.0,0.0,0.0,0.0
0.0,0.0,0.0,0.0,0.0
0.0,0.0,0.0,0.0,0.0
0.0,0.0,0.0,0.0,474.26706153867826
0.0,0.0,0.0,0.0,205.82477843279054
0.0,0.0,0.0,0.0,0.0
0.0,0.0,0.0,0.0,0.0
0.0,0.0,0.0,0.0,50.370699218750005
0.0,0.0,0.0,0.0,46.74193749999999
0.0,0.0,0.0,0.0,43.51708984375001
0.0,0.0,0.0,0.0,40.995855468750015
0.0,0.0,0.0,0.0,39.25706640625
0.0,0.0,0.0,0.0,1251.3838053740044
0.0,0.0,0.0,0.0,37.71396484375
0.0,0.0,0.0,0.0,884.088622800401
0.0,0.0,0.0,0.0,38.01336328125
0.0,0.0,0.0,0.0,40.28633984375001
0.0,0.0,0.0,0.0,556.9307546032798
0.0,0.0,0.0,0.0,636.2406799497636
0.0,0.0,0.0,0.0,1323.5547883749941
0.0,0.0,0.0,0.0,55.265031250000014
0.0,0.0,0.0,0.0,0.0
0.0,0.0,0.0,0.0,58.765546875
0.0,0.0,0.0,0.0,0.0
0.0,0.0,0.0,0.0,2.0530909472607495
0.0,0.0,0.0,0.0,60.033249999999995
0.0,0.0,0.0,0.0,0.0
0.0,0.0,0.0,0.0,0.0
0.0,0.0,0.0,0.0,0.0
0.0,0.0,0.0,0.0,0.0
0.0,0.0,0.0,0.0,0.0
0.0,0.0,0.0,0.0,48.87564453125002
0.0,0.0,0.0,0.0,45.82484765624999
0.0,0.0,0.0,0.0,43.06412109375002
0.0,0.0,0.0,0.0,40.99474609375
0.0,0.0,0.0,0.0,39.50524609375
0.0,0.0,0.0,0.0,38.50827734375001
0.0,0.0,0.0,0.0,38.12182421875
0.0,0.0,0.0,0.0,38.12787109375
0.0,0.0,0.0,0.0,38.05782421875001
0.0,0.0,0.0,0.0,39.810855468750006
0.0,0.0,0.0,0.0,43.430625000000006
0.0,0.0,0.0,0.0,47.38449609375
0.0,0.0,0.0,0.0,50.94723437500001
0.0,0.0,0.0,0.0,54.43384765625001
0.0,0.0,0.0,0.0,57.48151562500001
0.0,0.0,0.0,0.0,59.839390625000014
0.0,0.0,0.0,0.0,61.42509765625
0.0,0.0,0.0,0.0,62.363156249999996
0.0,0.0,0.0,0.0,63.05351562500001
0.0,0.0,0.0,0.0,0.0
0.0,0.0,0.0,0.0,0.0
0.0,0.0,0.0,0.0,25581.546539082356
0.0,0.0,0.0,0.0,53055.12849394407
0.0,0.0,0.0,0.0,55.182750000000006
0.0,0.0,0.0,0.0,51.43535546875
0.0,0.0,0.0,0.0,47.511003906250004
0.0,0.0,0.0,0.0,44.564332031250004
0.0,0.0,0.0,0.0,42.63184765625001
0.0,0.0,0.0,0.0,1755.608674650139
0.0,0.0,0.0,0.0,1755.608674650139
0.0,0.0,0.0,0.0,1755.608674650139
0.0,0.0,0.0,0.0,43.11521875
0.0,0.0,0.0,0.0,44.43784765625001
0.0,0.0,0.0,0.0,46.29623046874999
0.0,0.0,0.0,0.0,48.938046875
0.0,0.0,0.0,0.0,1755.608674650139
0.0,0.0,0.0,0.0,55.02751953124999
0.0,0.0,0.0,0.0,57.90310937500001
0.0,0.0,0.0,0.0,60.50073828125001
0.0,0.0,0.0,0.0,62.827816406249994
0.0,0.0,0.0,0.0,64.678125
0.0,0.0,0.0,0.0,66.10830468750001
0.0,0.0,0.0,0.0,0.0
0.0,0.0,0.0,0.0,0.0
0.0,0.0,0.0,0.0,64.43186328125
0.0,0.0,0.0,0.0,13.477795771022391
0.0,0.0,0.0,0.0,0.0
0.0,0.0,0.0,0.0,0.0
0.0,0.0,0.0,0.0,0.0
0.0,0.0,0.0,0.0,48.97137890625001
0.0,0.0,0.0,0.0,45.94205078125002
0.0,0.0,0.0,0.0,611.1879769249535
0.0,0.0,0.0,0.0,428654.53159622924
0.0,0.0,0.0,0.0,458240.4319456628
0.0,0.0,0.0,0.0,284099.95503287564
0.0,0.0,0.0,0.0,100124.00522147008
0.0,0.0,0.0,0.0,0.0
0.0,0.0,0.0,0.0,0.0
0.0,0.0,0.0,0.0,152519.93056780897
0.0,0.0,0.0,0.0,461629.5527374806
0.0,0.0,0.0,0.0,650976.0205633674
0.0,0.0,0.0,0.0,491278.3150048359
0.0,0.0,0.0,0.0,330096.6654791224
0.0,0.0,0.0,0.0,179978.83231403597
0.0,0.0,0.0,0.0,33802.23468828273
0.0,0.0,0.0,0.0,0.0
0.0,0.0,0.0,0.0,0.0
0.0,0.0,0.0,0.0,43248.893625429715
0.0,0.0,0.0,0.0,0.0
0.0,0.0,0.0,0.0,65844.52546727566
0.0,0.0,0.0,0.0,0.0
0.0,0.0,0.0,0.0,0.0
0.0,0.0,0.0,0.0,0.0
0.0,0.0,0.0,0.0,296369.94537095376
0.0,0.0,0.0,0.0,524362.2364888589
0.0,0.0,0.0,0.0,529655.0364879469
0.0,0.0,0.0,0.0,552701.759107337
0.0,0.0,0.0,0.0,538974.6403129245
0.0,0.0,0.0,0.0,386566.52071550844
0.0,0.0,0.0,0.0,151625.70558121405
0.0,0.0,0.0,0.0,0.0
0.0,0.0,0.0,0.0,0.0
0.0,0.0,0.0,0.0,0.0
0.0,0.0,0.0,0.0,0.0
0.0,0.0,0.0,0.0,91010.66672048127
0.0,0.0,0.0,0.0,3699.066436466233
0.0,0.0,0.0,0.0,0.0
0.0,0.0,0.0,0.0,0.0
0.0,0.0,0.0,0.0,0.0
0.0,0.0,0.0,0.0,0.0
0.0,0.0,0.0,0.0,0.0
0.0,0.0,0.0,0.0,0.0
0.0,0.0,0.0,0.0,0.0
0.0,0.0,0.0,0.0,0.0
0.0,0.0,0.0,0.0,0.0
0.0,0.0,0.0,0.0,0.0
0.0,0.0,0.0,0.0,0.0
0.0,0.0,0.0,0.0,15250.51274668332
0.0,0.0,0.0,0.0,71.188258739499
0.0,0.0,0.0,0.0,42.73375390625001
0.0,0.0,0.0,0.0,41.0673125
0.0,0.0,0.0,0.0,40.18479296875001
0.0,0.0,0.0,0.0,40.243578125
0.0,0.0,0.0,0.0,41.499011718750005
0.0,0.0,0.0,0.0,42.60753515625
0.0,0.0,0.0,0.0,0.0
0.0,0.0,0.0,0.0,48.02219140625
0.0,0.0,0.0,0.0,168.20631691296057
0.0,0.0,0.0,0.0,55.49526562500001
0.0,0.0,0.0,0.0,942.0281217837352
0.0,0.0,0.0,0.0,200.94042890648026
0.0,0.0,0.0,0.0,52.003676410349314
0.0,0.0,0.0,0.0,0.0
0.0,0.0,0.0,0.0,63.73818750000003
0.0,0.0,0.0,0.0,63.69267578125001
0.0,0.0,0.0,0.0,34.33249948143867
0.0,0.0,0.0,0.0,61.89370312500001
0.0,0.0,0.0,0.0,59.666472656250015
0.0,0.0,0.0,0.0,0.0
0.0,0.0,0.0,0.0,0.0
0.0,0.0,0.0,0.0,51.52898046875
0.0,0.0,0.0,0.0,47.59344921875001
0.0,0.0,0.0,0.0,44.52362500000001
0.0,0.0,0.0,0.0,42.30003125
0.0,0.0,0.0,0.0,40.68770703125
0.0,0.0,0.0,0.0,39.78807421875
0.0,0.0,0.0,0.0,39.86843359375
0.0,0.0,0.0,0.0,40.98295703125
0.0,0.0,0.0,0.0,41.93617578124999
0.0,0.0,0.0,0.0,44.38584765625
0.0,0.0,0.0,0.0,42.78391280068042
0.0,0.0,0.0,0.0,31.560368094611768
0.0,0.0,0.0,0.0,54.79164062499999
0.0,0.0,0.0,0.0,57.581234374999994
0.0,0.0,0.0,0.0,60.11375390625
0.0,0.0,0.0,0.0,62.51864453124998
0.0,0.0,0.0,0.0,54.016595876043155
0.0,0.0,0.0,0.0,65.52990234375
0.0,0.0,0.0,0.0,0.0
0.0,0.0,0.0,0.0,64.45214453125
0.0,0.0,0.0,0.0,62.38829296875001
0.0,0.0,0.0,0.0,59.60599609375001
0.0,0.0,0.0,0.0,57.663464843750006
0.0,0.0,0.0,0.0,0.0
0.0,0.0,0.0,0.0,0.0
0.0,0.0,0.0,0.0,48.57910546875
0.0,0.0,0.0,0.0,45.68063671875
0.0,0.0,0.0,0.0,43.41542578124999
0.0,0.0,0.0,0.0,41.68679296875
0.0,0.0,0.0,0.0,40.53714453125001
0.0,0.0,0.0,0.0,39.895382812499996
0.0,0.0,0.0,0.0,39.78518359375001
0.0,0.0,0.0,0.0,39.76344921875
0.0,0.0,0.0,0.0,42.04172265625
0.0,0.0,0.0,0.0,45.677046875
0.0,0.0,0.0,0.0,490.60618837792924
0.0,0.0,0.0,0.0,52.44010546874999
0.0,0.0,0.0,0.0,1755.608674650139
0.0,0.0,0.0,0.0,636.4201573305793
0.0,0.0,0.0,0.0,60.13438671875
0.0,0.0,0.0,0.0,1755.608674650139
0.0,0.0,0.0,0.0,62.29545703125
0.0,0.0,0.0,0.0,62.288214843750005
0.0,0.0,0.0,0.0,1755.608674650139
0.0,0.0,0.0,0.0,239.4140936782701
0.0,0.0,0.0,0.0,57.40591015625001
0.0,0.0,0.0,0.0,1755.608674650139
0.0,0.0,0.0,0.0,717.3965778180396
0.0,0.0,0.0,0.0,50.269503906249994
0.0,0.0,0.0,0.0,394.91939348852156
0.0,0.0,0.0,0.0,44.02413671875
0.0,0.0,0.0,0.0,798.789993652727
0.0,0.0,0.0,0.0,536752.4334297534
0.0,0.0,0.0,0.0,554895.6524964949
0.0,0.0,0.0,0.0,443045.6118944308
0.0,0.0,0.0,0.0,323590.15808771143
0.0,0.0,0.0,0.0,216092.3456891274
0.0,0.0,0.0,0.0,0.0
0.0,0.0,0.0,0.0,127797.48333966678
0.0,0.0,0.0,0.0,541345.2877174782
0.0,0.0,0.0,0.0,133237.99302970563
0.0,0.0,0.0,0.0,0.0
0.0,0.0,0.0,0.0,37076.939358432115
0.0,0.0,0.0,0.0,0.0
0.0,0.0,0.0,0.0,0.0
0.0,0.0,0.0,0.0,0.0
0.0,0.0,0.0,0.0,81559.9041546621
0.0,0.0,0.0,0.0,408523.4797978725
0.0,0.0,0.0,0.0,585875.9291771017
0.0,0.0,0.0,0.0,0.0
0.0,0.0,0.0,0.0,0.0
0.0,0.0,0.0,0.0,0.0
0.0,0.0,0.0,0.0,0.0
0.0,0.0,0.0,0.0,0.0
0.0,0.0,0.0,0.0,143069.90345896897
0.0,0.0,0.0,0.0,298769.2934651671
0.0,0.0,0.0,0.0,361124.52797072387
0.0,0.0,0.0,0.0,252963.8096127274
0.0,0.0,0.0,0.0,19979.511840470946
0.0,0.0,0.0,0.0,0.0
0.0,0.0,0.0,0.0,0.0
0.0,0.0,0.0,0.0,0.0
0.0,0.0,0.0,0.0,0.0
0.0,0.0,0.0,0.0,84459.54348430186
0.0,0.0,0.0,0.0,116988.03597103774
0.0,0.0,0.0,0.0,0.0
0.0,0.0,0.0,0.0,0.0
0.0,0.0,0.0,0.0,0.0
0.0,0.0,0.0,0.0,0.0
0.0,0.0,0.0,0.0,0.0
0.0,0.0,0.0,0.0,0.0
0.0,0.0,0.0,0.0,0.0
0.0,0.0,0.0,0.0,0.0
0.0,0.0,0.0,0.0,0.0
0.0,0.0,0.0,0.0,0.0
0.0,0.0,0.0,0.0,0.0
0.0,0.0,0.0,0.0,0.0
0.0,0.0,0.0,0.0,386343.4240897869
0.0,0.0,0.0,0.0,847491.8428611748
0.0,0.0,0.0,0.0,932769.8094983507
0.0,0.0,0.0,0.0,872977.6851445436
0.0,0.0,0.0,0.0,544629.3603319239
0.0,0.0,0.0,0.0,209874.66523477546
0.0,0.0,0.0,0.0,0.0
0.0,0.0,0.0,0.0,0.0
0.0,0.0,0.0,0.0,0.0
0.0,0.0,0.0,0.0,0.0
0.0,0.0,0.0,0.0,0.0
0.0,0.0,0.0,0.0,0.0
0.0,0.0,0.0,0.0,0.0
0.0,0.0,0.0,0.0,0.0
0.0,0.0,0.0,0.0,0.0
0.0,0.0,0.0,0.0,0.0
0.0,0.0,0.0,0.0,0.0
0.0,0.0,0.0,0.0,0.0
0.0,0.0,0.0,0.0,0.0
0.0,0.0,0.0,0.0,0.0
0.0,0.0,0.0,0.0,0.0
0.0,0.0,0.0,0.0,0.0
0.0,0.0,0.0,0.0,0.0
0.0,0.0,0.0,0.0,26424.100318028937
0.0,0.0,0.0,0.0,510636.0506441282
0.0,0.0,0.0,0.0,822069.2163463893
0.0,0.0,0.0,0.0,893585.1929587643
0.0,0.0,0.0,0.0,1.1508102553629e6
0.0,0.0,0.0,0.0,935855.1690221718
0.0,0.0,0.0,0.0,470625.7037260144
0.0,0.0,0.0,0.0,27793.665456604693
0.0,0.0,0.0,0.0,29027.220343176567
0.0,0.0,0.0,0.0,0.0
0.0,0.0,0.0,0.0,23900.50254337992
0.0,0.0,0.0,0.0,0.0
0.0,0.0,0.0,0.0,0.0
0.0,0.0,0.0,0.0,0.0
0.0,0.0,0.0,0.0,0.0
0.0,0.0,0.0,0.0,114533.85367231457
0.0,0.0,0.0,0.0,535908.5290502346
0.0,0.0,0.0,0.0,89198.2483611304
0.0,0.0,0.0,0.0,0.0
0.0,0.0,0.0,0.0,0.0
0.0,0.0,0.0,0.0,0.0
0.0,0.0,0.0,0.0,0.0
0.0,0.0,0.0,0.0,0.0
0.0,0.0,0.0,0.0,0.0
0.0,0.0,0.0,0.0,0.0
0.0,0.0,0.0,0.0,0.0
0.0,0.0,0.0,0.0,464580.4704004734
0.0,0.0,0.0,0.0,522905.85291742074
0.0,0.0,0.0,0.0,740823.9047759618
0.0,0.0,0.0,0.0,168633.47710298083
0.0,0.0,0.0,0.0,220024.25563558572
0.0,0.0,0.0,0.0,0.0
0.0,0.0,0.0,0.0,0.0
0.0,0.0,0.0,0.0,0.0
0.0,0.0,0.0,0.0,0.0
0.0,0.0,0.0,0.0,33403.173044981246
0.0,0.0,0.0,0.0,35577.48490626095
0.0,0.0,0.0,0.0,82482.08744468026
0.0,0.0,0.0,0.0,228659.16957126666
0.0,0.0,0.0,0.0,40652.43314750624
0.0,0.0,0.0,0.0,53129.95174427756
0.0,0.0,0.0,0.0,304859.0401561485
0.0,0.0,0.0,0.0,210108.53311851234
0.0,0.0,0.0,0.0,92582.11351691112
0.0,0.0,0.0,0.0,36639.56151845149
0.0,0.0,0.0,0.0,0.0
0.0,0.0,0.0,0.0,0.0
0.0,0.0,0.0,0.0,0.0
0.0,0.0,0.0,0.0,0.0
0.0,0.0,0.0,0.0,0.0
0.0,0.0,0.0,0.0,0.0
0.0,0.0,0.0,0.0,30035.931664560554
0.0,0.0,0.0,0.0,88253.96997601843
0.0,0.0,0.0,0.0,245625.69227762808
0.0,0.0,0.0,0.0,342346.09939098376
0.0,0.0,0.0,0.0,228411.9971891623
0.0,0.0,0.0,0.0,98327.72131018722
0.0,0.0,0.0,0.0,0.0
0.0,0.0,0.0,0.0,47.664203125
0.0,0.0,0.0,0.0,51.20274609375001
0.0,0.0,0.0,0.0,581.0527126600355
0.0,0.0,0.0,0.0,58.11155078125
0.0,0.0,0.0,0.0,61.25633203124998
0.0,0.0,0.0,0.0,0.0
0.0,0.0,0.0,0.0,0.0
0.0,0.0,0.0,0.0,0.0
0.0,0.0,0.0,0.0,0.0
0.0,0.0,0.0,0.0,67.4482421875
0.0,0.0,0.0,0.0,66.01939843750003
0.0,0.0,0.0,0.0,0.0
0.0,0.0,0.0,0.0,10.521713989411605
0.0,0.0,0.0,0.0,0.0
0.0,0.0,0.0,0.0,54.709589843750024
0.0,0.0,0.0,0.0,51.081746093750006
0.0,0.0,0.0,0.0,47.79671874999999
0.0,0.0,0.0,0.0,45.03459765625001
0.0,0.0,0.0,0.0,42.92443359375002
0.0,0.0,0.0,0.0,41.303105468750005
0.0,0.0,0.0,0.0,1273.5498495190898
0.0,0.0,0.0,0.0,40.031613281249996
0.0,0.0,0.0,0.0,40.03627734375
0.0,0.0,0.0,0.0,41.71099609375
0.0,0.0,0.0,0.0,6.891044871390568
0.0,0.0,0.0,0.0,48.32868359375
0.0,0.0,0.0,0.0,51.997761718750006
0.0,0.0,0.0,0.0,45.8543572281828
0.0,0.0,0.0,0.0,141.89937356252693
0.0,0.0,0.0,0.0,61.11969140625
0.0,0.0,0.0,0.0,27.239870052476363
0.0,0.0,0.0,0.0,64.18958984375
0.0,0.0,0.0,0.0,64.68598828125
0.0,0.0,0.0,0.0,0.0
0.0,0.0,0.0,0.0,46.53690169958887
0.0,0.0,0.0,0.0,42.77348636351442
0.0,0.0,0.0,0.0,0.0
0.0,0.0,0.0,0.0,0.0
0.0,0.0,0.0,0.0,0.0
0.0,0.0,0.0,0.0,49.632078125
0.0,0.0,0.0,0.0,46.889203125000016
0.0,0.0,0.0,0.0,44.70900390625
0.0,0.0,0.0,0.0,42.98641406250001
0.0,0.0,0.0,0.0,41.79701171875
0.0,0.0,0.0,0.0,1276.3785125866443
0.0,0.0,0.0,0.0,40.71459765625
0.0,0.0,0.0,0.0,40.24428906250001
0.0,0.0,0.0,0.0,41.70716796875001
0.0,0.0,0.0,0.0,44.71429296875001
0.0,0.0,0.0,0.0,48.177480468750005
0.0,0.0,0.0,0.0,52.15198437499999
0.0,0.0,0.0,0.0,1755.608674650139
0.0,0.0,0.0,0.0,1755.608674650139
0.0,0.0,0.0,0.0,1581.607059618907
0.0,0.0,0.0,0.0,62.916261718750015
0.0,0.0,0.0,0.0,64.083
0.0,0.0,0.0,0.0,64.67641015625
0.0,0.0,0.0,0.0,64.245109375
0.0,0.0,0.0,0.0,62.55374609375001
0.0,0.0,0.0,0.0,60.16003515625
0.0,0.0,0.0,0.0,569.6617735159815
0.0,0.0,0.0,0.0,6.818773793563565
0.0,0.0,0.0,0.0,52.72404296875
0.0,0.0,0.0,0.0,48.72630078125
0.0,0.0,0.0,0.0,45.75309374999999
0.0,0.0,0.0,0.0,43.68218359375
0.0,0.0,0.0,0.0,1755.608674650139
0.0,0.0,0.0,0.0,41.7476875
0.0,0.0,0.0,0.0,42.09379296875001
0.0,0.0,0.0,0.0,43.57462890625
0.0,0.0,0.0,0.0,50.22932743898594
0.0,0.0,0.0,0.0,0.0
0.0,0.0,0.0,0.0,47.77444921875001
0.0,0.0,0.0,0.0,50.817359375
0.0,0.0,0.0,0.0,651.7667997556931
0.0,0.0,0.0,0.0,57.46655078125
0.0,0.0,0.0,0.0,60.01513671875001
0.0,0.0,0.0,0.0,0.0
0.0,0.0,0.0,0.0,0.0
0.0,0.0,0.0,0.0,0.0
0.0,0.0,0.0,0.0,0.0
0.0,0.0,0.0,0.0,0.0
0.0,0.0,0.0,0.0,0.0
0.0,0.0,0.0,0.0,0.0
0.0,0.0,0.0,0.0,0.0
0.0,0.0,0.0,0.0,0.0
0.0,0.0,0.0,0.0,0.0
0.0,0.0,0.0,0.0,48.43362499999999
0.0,0.0,0.0,0.0,45.44009375
0.0,0.0,0.0,0.0,240.26318608796979
0.0,0.0,0.0,0.0,525.1120620203288
0.0,0.0,0.0,0.0,1272.2481062426289
0.0,0.0,0.0,0.0,41.279625
0.0,0.0,0.0,0.0,112.30241517854306
0.0,0.0,0.0,0.0,43.87405859375
0.0,0.0,0.0,0.0,3.7668096167781506
0.0,0.0,0.0,0.0,750.4941023666818
0.0,0.0,0.0,0.0,1755.608674650139
0.0,0.0,0.0,0.0,1755.608674650139
0.0,0.0,0.0,0.0,59.23619921875001
0.0,0.0,0.0,0.0,1233.649582859276
0.0,0.0,0.0,0.0,64.57538671875
0.0,0.0,0.0,0.0,328.7342067600914
0.0,0.0,0.0,0.0,67.32504703620705
0.0,0.0,0.0,0.0,15.097636205621372
0.0,0.0,0.0,0.0,3.5532129685594045
0.0,0.0,0.0,0.0,58.9706871075965
0.0,0.0,0.0,0.0,0.5130540026254816
0.0,0.0,0.0,0.0,0.0
0.0,0.0,0.0,0.0,0.0
0.0,0.0,0.0,0.0,0.0
0.0,0.0,0.0,0.0,711.4768746709182
0.0,0.0,0.0,0.0,46.40066015625
0.0,0.0,0.0,0.0,1176.1456561111722
0.0,0.0,0.0,0.0,1393.0252947529425
0.0,0.0,0.0,0.0,41.50771093749999
0.0,0.0,0.0,0.0,835.4285735746702
0.0,0.0,0.0,0.0,42.87926171875001
0.0,0.0,0.0,0.0,43.88728125000001
0.0,0.0,0.0,0.0,463.21373906042214
0.0,0.0,0.0,0.0,49.269792968750004
0.0,0.0,0.0,0.0,417.5972757846898
0.0,0.0,0.0,0.0,1574.763798450413
0.0,0.0,0.0,0.0,60.038253906250006
0.0,0.0,0.0,0.0,63.378582031250005
0.0,0.0,0.0,0.0,0.0
0.0,0.0,0.0,0.0,0.0
0.0,0.0,0.0,0.0,0.0
0.0,0.0,0.0,0.0,0.0
0.0,0.0,0.0,0.0,0.0
0.0,0.0,0.0,0.0,0.0
0.0,0.0,0.0,0.0,0.0
0.0,0.0,0.0,0.0,0.0
0.0,0.0,0.0,0.0,0.0
0.0,0.0,0.0,0.0,0.0
0.0,0.0,0.0,0.0,50.90166796875
0.0,0.0,0.0,0.0,47.37865625
0.0,0.0,0.0,0.0,44.82423046875
0.0,0.0,0.0,0.0,43.137667968749994
0.0,0.0,0.0,0.0,42.16437890625
0.0,0.0,0.0,0.0,42.124542968750006
0.0,0.0,0.0,0.0,43.21149218749999
0.0,0.0,0.0,0.0,44.117640625
0.0,0.0,0.0,0.0,46.165484375
0.0,0.0,0.0,0.0,49.33180078125
0.0,0.0,0.0,0.0,52.84187890625001
0.0,0.0,0.0,0.0,56.56617578125001
0.0,0.0,0.0,0.0,125.69721730215086
0.0,0.0,0.0,0.0,63.059234375
0.0,0.0,0.0,0.0,97815.32384148239
0.0,0.0,0.0,0.0,0.0
0.0,0.0,0.0,0.0,0.0
0.0,0.0,0.0,0.0,0.0
0.0,0.0,0.0,0.0,67.90228906249999
0.0,0.0,0.0,0.0,66.3925390625
0.0,0.0,0.0,0.0,0.0
0.0,0.0,0.0,0.0,0.0
0.0,0.0,0.0,0.0,0.0
0.0,0.0,0.0,0.0,54.791109374999984
0.0,0.0,0.0,0.0,50.64358203125001
0.0,0.0,0.0,0.0,47.37182421875001
0.0,0.0,0.0,0.0,45.09101171875001
0.0,0.0,0.0,0.0,43.48305078125
0.0,0.0,0.0,0.0,42.51061328125001
0.0,0.0,0.0,0.0,42.52223046875
0.0,0.0,0.0,0.0,43.513058593749996
0.0,0.0,0.0,0.0,44.29466015625
0.0,0.0,0.0,0.0,46.20033984375001
0.0,0.0,0.0,0.0,49.394625
0.0,0.0,0.0,0.0,52.93578515624999
0.0,0.0,0.0,0.0,56.509765625
0.0,0.0,0.0,0.0,59.68495312500001
0.0,0.0,0.0,0.0,62.74076953125
0.0,0.0,0.0,0.0,65.22780078125
0.0,0.0,0.0,0.0,66.9846796875
0.0,0.0,0.0,0.0,68.0946796875
0.0,0.0,0.0,0.0,68.3718203125
0.0,0.0,0.0,0.0,55.67184376934615
0.0,0.0,0.0,0.0,65.19765625
0.0,0.0,0.0,0.0,62.18178515625
0.0,0.0,0.0,0.0,0.0
0.0,0.0,0.0,0.0,0.0
0.0,0.0,0.0,0.0,54.40590625
0.0,0.0,0.0,0.0,50.87012109375
0.0,0.0,0.0,0.0,47.780535156250004
0.0,0.0,0.0,0.0,45.41670703125
0.0,0.0,0.0,0.0,49.733727089961434
0.0,0.0,0.0,0.0,42.164277343749994
0.0,0.0,0.0,0.0,41.46279296875
0.0,0.0,0.0,0.0,1408.4052293682057
0.0,0.0,0.0,0.0,1490.5739031039304
0.0,0.0,0.0,0.0,1344.7222691917773
0.0,0.0,0.0,0.0,1417.1438742898574
0.0,0.0,0.0,0.0,959.9847790112207
0.0,0.0,0.0,0.0,54.08851562499999
0.0,0.0,0.0,0.0,1755.608674650139
0.0,0.0,0.0,0.0,837.5316974333672
0.0,0.0,0.0,0.0,62.38739453125001
0.0,0.0,0.0,0.0,939.7776087752665
0.0,0.0,0.0,0.0,65.27783984375002
0.0,0.0,0.0,0.0,309.12545938470333
0.0,0.0,0.0,0.0,194.6325325063107
0.0,0.0,0.0,0.0,63.18509765625
0.0,0.0,0.0,0.0,33.098611827277125
0.0,0.0,0.0,0.0,0.0
0.0,0.0,0.0,0.0,0.0
0.0,0.0,0.0,0.0,52.517214843750004
0.0,0.0,0.0,0.0,1434.738611244392
0.0,0.0,0.0,0.0,46.33044921874999
0.0,0.0,0.0,0.0,1755.608674650139
0.0,0.0,0.0,0.0,42.04656640625
0.0,0.0,0.0,0.0,1755.608674650139
0.0,0.0,0.0,0.0,1755.608674650139
0.0,0.0,0.0,0.0,705.8167084514099
0.0,0.0,0.0,0.0,38.91366796875
0.0,0.0,0.0,0.0,42.51833760063432
0.0,0.0,0.0,0.0,811.6901298961722
0.0,0.0,0.0,0.0,1140.8116890159947
0.0,0.0,0.0,0.0,51.59263671875001
0.0,0.0,0.0,0.0,225.79900976562413
0.0,0.0,0.0,0.0,59.145800781248276
0.0,0.0,0.0,0.0,0.0
0.0,0.0,0.0,0.0,0.0
0.0,0.0,0.0,0.0,0.0
0.0,0.0,0.0,0.0,0.0
0.0,0.0,0.0,0.0,0.0
0.0,0.0,0.0,0.0,0.0
0.0,0.0,0.0,0.0,0.0
0.0,0.0,0.0,0.0,0.0
0.0,0.0,0.0,0.0,0.0
0.0,0.0,0.0,0.0,0.0
0.0,0.0,0.0,0.0,0.0
0.0,0.0,0.0,0.0,0.0
0.0,0.0,0.0,0.0,0.0
0.0,0.0,0.0,0.0,0.0
0.0,0.0,0.0,0.0,183583.3662060182
0.0,0.0,0.0,0.0,184996.33573768748
0.0,0.0,0.0,0.0,25912.572983114034
0.0,0.0,0.0,0.0,0.0
0.0,0.0,0.0,0.0,0.0
0.0,0.0,0.0,0.0,0.0
0.0,0.0,0.0,0.0,0.0
0.0,0.0,0.0,0.0,165253.9587417434
0.0,0.0,0.0,0.0,30020.899621454562
0.0,0.0,0.0,0.0,0.0
0.0,0.0,0.0,0.0,0.0
0.0,0.0,0.0,0.0,0.0
0.0,0.0,0.0,0.0,0.0
0.0,0.0,0.0,0.0,0.0
0.0,0.0,0.0,0.0,7893.012200500078
0.0,0.0,0.0,0.0,96558.01238239354
0.0,0.0,0.0,0.0,0.0
0.0,0.0,0.0,0.0,0.0
0.0,0.0,0.0,0.0,0.0
0.0,0.0,0.0,0.0,0.0
0.0,0.0,0.0,0.0,203395.98681415725
0.0,0.0,0.0,0.0,338539.0934969775
0.0,0.0,0.0,0.0,259365.75606965917
0.0,0.0,0.0,0.0,257697.05556642852
0.0,0.0,0.0,0.0,267422.88617213327
0.0,0.0,0.0,0.0,211236.62030418462
0.0,0.0,0.0,0.0,83765.50878839314
0.0,0.0,0.0,0.0,19248.25085641223
0.0,0.0,0.0,0.0,0.0
0.0,0.0,0.0,0.0,0.0
0.0,0.0,0.0,0.0,0.0
0.0,0.0,0.0,0.0,0.0
0.0,0.0,0.0,0.0,0.0
0.0,0.0,0.0,0.0,23206.410201512233
0.0,0.0,0.0,0.0,52425.546817525654
0.0,0.0,0.0,0.0,0.0
0.0,0.0,0.0,0.0,0.0
0.0,0.0,0.0,0.0,0.0
0.0,0.0,0.0,0.0,0.0
0.0,0.0,0.0,0.0,0.0
0.0,0.0,0.0,0.0,0.0
0.0,0.0,0.0,0.0,0.0
0.0,0.0,0.0,0.0,0.0
0.0,0.0,0.0,0.0,29661.44913166415
0.0,0.0,0.0,0.0,532693.6736273649
0.0,0.0,0.0,0.0,764476.8046627047
0.0,0.0,0.0,0.0,868363.9793966436
0.0,0.0,0.0,0.0,822327.0607929887
0.0,0.0,0.0,0.0,675983.0413951479
0.0,0.0,0.0,0.0,464542.2965728311
0.0,0.0,0.0,0.0,147977.14870191785
0.0,0.0,0.0,0.0,5321.862575476028
0.0,0.0,0.0,0.0,0.0
0.0,0.0,0.0,0.0,0.0
0.0,0.0,0.0,0.0,0.0
0.0,0.0,0.0,0.0,0.0
0.0,0.0,0.0,0.0,0.0
0.0,0.0,0.0,0.0,0.0
0.0,0.0,0.0,0.0,0.0
0.0,0.0,0.0,0.0,0.0
0.0,0.0,0.0,0.0,0.0
0.0,0.0,0.0,0.0,0.0
0.0,0.0,0.0,0.0,267601.6824808217
0.0,0.0,0.0,0.0,660618.9102596014
0.0,0.0,0.0,0.0,144688.9274968479
0.0,0.0,0.0,0.0,107808.55982485502
0.0,0.0,0.0,0.0,0.0
0.0,0.0,0.0,0.0,179123.94201752456
0.0,0.0,0.0,0.0,293589.4752971654
0.0,0.0,0.0,0.0,309659.64356544666
0.0,0.0,0.0,0.0,301362.71391622815
0.0,0.0,0.0,0.0,652703.6626104781
0.0,0.0,0.0,0.0,876812.018712992
0.0,0.0,0.0,0.0,541967.1076472928
0.0,0.0,0.0,0.0,230775.89925650164
0.0,0.0,0.0,0.0,0.0
0.0,0.0,0.0,0.0,0.0
0.0,0.0,0.0,0.0,120245.33042749745
0.0,0.0,0.0,0.0,483436.76892375224
0.0,0.0,0.0,0.0,348721.2168058434
0.0,0.0,0.0,0.0,951653.2519319825
0.0,0.0,0.0,0.0,850439.7360917645
0.0,0.0,0.0,0.0,863638.432335969
0.0,0.0,0.0,0.0,879994.2716179052
0.0,0.0,0.0,0.0,801305.2669436822
0.0,0.0,0.0,0.0,819757.6141773028
0.0,0.0,0.0,0.0,754357.7145777651
0.0,0.0,0.0,0.0,529895.464182025
0.0,0.0,0.0,0.0,0.0
0.0,0.0,0.0,0.0,0.0
0.0,0.0,0.0,0.0,0.0
0.0,0.0,0.0,0.0,0.0
0.0,0.0,0.0,0.0,0.0
0.0,0.0,0.0,0.0,0.0
0.0,0.0,0.0,0.0,0.0
0.0,0.0,0.0,0.0,0.0
0.0,0.0,0.0,0.0,0.0
0.0,0.0,0.0,0.0,0.0
0.0,0.0,0.0,0.0,0.0
0.0,0.0,0.0,0.0,0.0
0.0,0.0,0.0,0.0,0.0
0.0,0.0,0.0,0.0,0.0
0.0,0.0,0.0,0.0,398729.50121670426
0.0,0.0,0.0,0.0,453124.9992675503
0.0,0.0,0.0,0.0,972453.0651397699
0.0,0.0,0.0,0.0,200386.803471053
0.0,0.0,0.0,0.0,218955.10581431622
0.0,0.0,0.0,0.0,986277.2154062864
0.0,0.0,0.0,0.0,1.1187928961579355e6
0.0,0.0,0.0,0.0,1.34547021243258e6
0.0,0.0,0.0,0.0,334718.2602728475
0.0,0.0,0.0,0.0,1.4498417410911662e6
0.0,0.0,0.0,0.0,1.1069446932067347e6
0.0,0.0,0.0,0.0,0.0
0.0,0.0,0.0,0.0,0.0
0.0,0.0,0.0,0.0,0.0
0.0,0.0,0.0,0.0,0.0
0.0,0.0,0.0,0.0,0.0
0.0,0.0,0.0,0.0,0.0
0.0,0.0,0.0,0.0,0.0
0.0,0.0,0.0,0.0,0.0
0.0,0.0,0.0,0.0,0.0
0.0,0.0,0.0,0.0,0.0
0.0,0.0,0.0,0.0,0.0
0.0,0.0,0.0,0.0,0.0
0.0,0.0,0.0,0.0,0.0
0.0,0.0,0.0,0.0,893162.6491151867
0.0,0.0,0.0,0.0,1.164379238535343e6
0.0,0.0,0.0,0.0,513104.81393597304
0.0,0.0,0.0,0.0,562331.0239741649
0.0,0.0,0.0,0.0,865923.8701014508
0.0,0.0,0.0,0.0,872884.9996666656
0.0,0.0,0.0,0.0,1.3497664764992218e6
0.0,0.0,0.0,0.0,1.2159116352382668e6
0.0,0.0,0.0,0.0,806101.1101795661
0.0,0.0,0.0,0.0,2342.098831871938
0.0,0.0,0.0,0.0,0.0
0.0,0.0,0.0,0.0,0.0
0.0,0.0,0.0,0.0,0.0
0.0,0.0,0.0,0.0,0.0
0.0,0.0,0.0,0.0,0.0
0.0,0.0,0.0,0.0,0.0
0.0,0.0,0.0,0.0,0.0
0.0,0.0,0.0,0.0,0.0
0.0,0.0,0.0,0.0,0.0
0.0,0.0,0.0,0.0,0.0
0.0,0.0,0.0,0.0,0.0
0.0,0.0,0.0,0.0,0.0
0.0,0.0,0.0,0.0,0.0
0.0,0.0,0.0,0.0,0.0
0.0,0.0,0.0,0.0,0.0
0.0,0.0,0.0,0.0,326622.11964478716
0.0,0.0,0.0,0.0,117411.76814793643
0.0,0.0,0.0,0.0,0.0
0.0,0.0,0.0,0.0,29817.84569339116
0.0,0.0,0.0,0.0,0.0
0.0,0.0,0.0,0.0,257717.07035911534
0.0,0.0,0.0,0.0,0.0
0.0,0.0,0.0,0.0,10677.759662438666
0.0,0.0,0.0,0.0,32438.501007486222
0.0,0.0,0.0,0.0,2922.155577377415
0.0,0.0,0.0,0.0,0.0
0.0,0.0,0.0,0.0,29283.942659396715
0.0,0.0,0.0,0.0,384273.5935287233
0.0,0.0,0.0,0.0,521663.5025041356
0.0,0.0,0.0,0.0,896767.4980128239
0.0,0.0,0.0,0.0,855379.3521285047
0.0,0.0,0.0,0.0,275708.65047850355
0.0,0.0,0.0,0.0,56764.6030798554
0.0,0.0,0.0,0.0,0.0
0.0,0.0,0.0,0.0,0.0
0.0,0.0,0.0,0.0,0.0
0.0,0.0,0.0,0.0,0.0
0.0,0.0,0.0,0.0,0.0
0.0,0.0,0.0,0.0,0.0
0.0,0.0,0.0,0.0,0.0
0.0,0.0,0.0,0.0,0.0
0.0,0.0,0.0,0.0,0.0
0.0,0.0,0.0,0.0,195285.3434783708
0.0,0.0,0.0,0.0,136882.47455090834
0.0,0.0,0.0,0.0,67454.0135591695
0.0,0.0,0.0,0.0,38413.54277893125
0.0,0.0,0.0,0.0,90274.5482378408
0.0,0.0,0.0,0.0,0.0
0.0,0.0,0.0,0.0,31238.732059530725
0.0,0.0,0.0,0.0,0.0
0.0,0.0,0.0,0.0,0.0
0.0,0.0,0.0,0.0,0.0
0.0,0.0,0.0,0.0,120528.40814049207
0.0,0.0,0.0,0.0,285623.5954876308
0.0,0.0,0.0,0.0,258932.78919790807
0.0,0.0,0.0,0.0,162630.36461857165
0.0,0.0,0.0,0.0,60853.79089613149
0.0,0.0,0.0,0.0,0.0
0.0,0.0,0.0,0.0,0.0
0.0,0.0,0.0,0.0,0.0
0.0,0.0,0.0,0.0,0.0
0.0,0.0,0.0,0.0,0.0
0.0,0.0,0.0,0.0,0.0
0.0,0.0,0.0,0.0,0.0
0.0,0.0,0.0,0.0,0.0
0.0,0.0,0.0,0.0,0.0
0.0,0.0,0.0,0.0,51422.97538466955
0.0,0.0,0.0,0.0,86009.86655010266
0.0,0.0,0.0,0.0,94724.94407465997
0.0,0.0,0.0,0.0,0.0
0.0,0.0,0.0,0.0,0.0
0.0,0.0,0.0,0.0,211227.55228845472
0.0,0.0,0.0,0.0,131461.57695861947
0.0,0.0,0.0,0.0,50321.661201892726
0.0,0.0,0.0,0.0,0.0
0.0,0.0,0.0,0.0,0.0
0.0,0.0,0.0,0.0,0.0
0.0,0.0,0.0,0.0,217320.59443222365
0.0,0.0,0.0,0.0,235342.6947383345
0.0,0.0,0.0,0.0,131065.90941127305
0.0,0.0,0.0,0.0,140970.96019593943
0.0,0.0,0.0,0.0,68161.99846397949
0.0,0.0,0.0,0.0,0.0
0.0,0.0,0.0,0.0,0.0
0.0,0.0,0.0,0.0,0.0
0.0,0.0,0.0,0.0,0.0
0.0,0.0,0.0,0.0,225881.54680342824
0.0,0.0,0.0,0.0,489389.72062872606
0.0,0.0,0.0,0.0,158613.14378765455
0.0,0.0,0.0,0.0,179400.17385583592
0.0,0.0,0.0,0.0,110520.62279565641
0.0,0.0,0.0,0.0,193405.94671484779
0.0,0.0,0.0,0.0,160449.27006503704
0.0,0.0,0.0,0.0,107549.13007079942
0.0,0.0,0.0,0.0,0.0
0.0,0.0,0.0,0.0,0.0
0.0,0.0,0.0,0.0,0.0
0.0,0.0,0.0,0.0,0.0
0.0,0.0,0.0,0.0,0.0
0.0,0.0,0.0,0.0,0.0
0.0,0.0,0.0,0.0,214240.81892864298
0.0,0.0,0.0,0.0,392651.6430374699
0.0,0.0,0.0,0.0,511330.8398671952
0.0,0.0,0.0,0.0,440896.9670378467
0.0,0.0,0.0,0.0,238168.58777510645
0.0,0.0,0.0,0.0,73901.79049319467
0.0,0.0,0.0,0.0,0.0
0.0,0.0,0.0,0.0,0.0
0.0,0.0,0.0,0.0,0.0
0.0,0.0,0.0,0.0,0.0
0.0,0.0,0.0,0.0,195753.231713537
0.0,0.0,0.0,0.0,348557.8338970464
0.0,0.0,0.0,0.0,142472.52456228263
0.0,0.0,0.0,0.0,0.0
0.0,0.0,0.0,0.0,0.0
0.0,0.0,0.0,0.0,0.0
0.0,0.0,0.0,0.0,0.0
0.0,0.0,0.0,0.0,0.0
0.0,0.0,0.0,0.0,0.0
0.0,0.0,0.0,0.0,0.0
0.0,0.0,0.0,0.0,0.0
0.0,0.0,0.0,0.0,0.0
0.0,0.0,0.0,0.0,0.0
0.0,0.0,0.0,0.0,0.0
0.0,0.0,0.0,0.0,64864.541825837936
0.0,0.0,0.0,0.0,242030.02369251882
0.0,0.0,0.0,0.0,340706.1734006342
0.0,0.0,0.0,0.0,367576.9437639586
0.0,0.0,0.0,0.0,283360.580242873
0.0,0.0,0.0,0.0,216983.7855110622
0.0,0.0,0.0,0.0,25587.74819929801
0.0,0.0,0.0,0.0,0.0
0.0,0.0,0.0,0.0,0.0
0.0,0.0,0.0,0.0,88203.93262492662
0.0,0.0,0.0,0.0,668865.3819378625
0.0,0.0,0.0,0.0,997194.6229813874
0.0,0.0,0.0,0.0,652474.4102707865
0.0,0.0,0.0,0.0,266813.4872518319
0.0,0.0,0.0,0.0,0.0
0.0,0.0,0.0,0.0,0.0
0.0,0.0,0.0,0.0,0.0
0.0,0.0,0.0,0.0,0.0
0.0,0.0,0.0,0.0,0.0
0.0,0.0,0.0,0.0,37144.11018557514
0.0,0.0,0.0,0.0,0.0
0.0,0.0,0.0,0.0,0.0
0.0,0.0,0.0,0.0,0.0
0.0,0.0,0.0,0.0,0.0
0.0,0.0,0.0,0.0,0.0
0.0,0.0,0.0,0.0,0.0
0.0,0.0,0.0,0.0,118225.26102338557
0.0,0.0,0.0,0.0,219811.73431123502
0.0,0.0,0.0,0.0,277502.0985858091
0.0,0.0,0.0,0.0,292764.94953353313
0.0,0.0,0.0,0.0,248128.74498782717
0.0,0.0,0.0,0.0,153485.762174185
0.0,0.0,0.0,0.0,0.0
0.0,0.0,0.0,0.0,156523.6502098888
0.0,0.0,0.0,0.0,698389.6259746597
0.0,0.0,0.0,0.0,516993.82253486605
0.0,0.0,0.0,0.0,297305.4834115724
0.0,0.0,0.0,0.0,0.0
0.0,0.0,0.0,0.0,0.0
0.0,0.0,0.0,0.0,0.0
0.0,0.0,0.0,0.0,0.0
0.0,0.0,0.0,0.0,0.0
0.0,0.0,0.0,0.0,0.0
0.0,0.0,0.0,0.0,0.0
0.0,0.0,0.0,0.0,0.0
0.0,0.0,0.0,0.0,0.0
0.0,0.0,0.0,0.0,0.0
0.0,0.0,0.0,0.0,0.0
0.0,0.0,0.0,0.0,7068.430774931046
0.0,0.0,0.0,0.0,39380.860673216725
0.0,0.0,0.0,0.0,82671.11096643122
0.0,0.0,0.0,0.0,216696.05305627343
0.0,0.0,0.0,0.0,236339.48120217334
0.0,0.0,0.0,0.0,247102.83758259148
0.0,0.0,0.0,0.0,308922.47295906936
0.0,0.0,0.0,0.0,262094.88754794418
0.0,0.0,0.0,0.0,26923.361201533768
0.0,0.0,0.0,0.0,109057.31306666482
0.0,0.0,0.0,0.0,118310.69500048806
0.0,0.0,0.0,0.0,0.0
0.0,0.0,0.0,0.0,40081.953433232804
0.0,0.0,0.0,0.0,117689.95203915422
0.0,0.0,0.0,0.0,0.0
0.0,0.0,0.0,0.0,109127.37474074538
0.0,0.0,0.0,0.0,45910.472615831255
0.0,0.0,0.0,0.0,0.0
0.0,0.0,0.0,0.0,0.0
0.0,0.0,0.0,0.0,0.0
0.0,0.0,0.0,0.0,0.0
0.0,0.0,0.0,0.0,0.0
0.0,0.0,0.0,0.0,0.0
0.0,0.0,0.0,0.0,0.0
0.0,0.0,0.0,0.0,96271.6265394722
0.0,0.0,0.0,0.0,493486.7413340267
0.0,0.0,0.0,0.0,454529.5631032719
0.0,0.0,0.0,0.0,371394.2592261715
0.0,0.0,0.0,0.0,314885.1313783424
0.0,0.0,0.0,0.0,241018.71790736893
0.0,0.0,0.0,0.0,104657.92470704697
0.0,0.0,0.0,0.0,0.0
0.0,0.0,0.0,0.0,0.0
0.0,0.0,0.0,0.0,0.0
0.0,0.0,0.0,0.0,57011.637488227934
0.0,0.0,0.0,0.0,302688.8941233609
0.0,0.0,0.0,0.0,192284.3023973274
0.0,0.0,0.0,0.0,2735.6099919284543
0.0,0.0,0.0,0.0,0.0
0.0,0.0,0.0,0.0,0.0
0.0,0.0,0.0,0.0,0.0
0.0,0.0,0.0,0.0,0.0
0.0,0.0,0.0,0.0,0.0
0.0,0.0,0.0,0.0,37017.804342377545
0.0,0.0,0.0,0.0,48903.04638096963
0.0,0.0,0.0,0.0,0.0
0.0,0.0,0.0,0.0,0.0
0.0,0.0,0.0,0.0,0.0
0.0,0.0,0.0,0.0,0.0
0.0,0.0,0.0,0.0,10351.664637260641
0.0,0.0,0.0,0.0,200228.3233564453
0.0,0.0,0.0,0.0,250469.7676770466
0.0,0.0,0.0,0.0,298968.95910510654
0.0,0.0,0.0,0.0,282560.94792040763
0.0,0.0,0.0,0.0,196156.31948406427
0.0,0.0,0.0,0.0,137986.37602303535
0.0,0.0,0.0,0.0,7049.386204432771
0.0,0.0,0.0,0.0,139754.45072358716
0.0,0.0,0.0,0.0,425620.00561589625
0.0,0.0,0.0,0.0,531492.0262150414
0.0,0.0,0.0,0.0,254116.70146069754
0.0,0.0,0.0,0.0,0.0
0.0,0.0,0.0,0.0,0.0
0.0,0.0,0.0,0.0,0.0
0.0,0.0,0.0,0.0,0.0
0.0,0.0,0.0,0.0,0.0
0.0,0.0,0.0,0.0,0.0
0.0,0.0,0.0,0.0,0.0
0.0,0.0,0.0,0.0,0.0
0.0,0.0,0.0,0.0,0.0
0.0,0.0,0.0,0.0,0.0
0.0,0.0,0.0,0.0,0.0
0.0,0.0,0.0,0.0,0.0
0.0,0.0,0.0,0.0,0.0
0.0,0.0,0.0,0.0,164658.41972019876
0.0,0.0,0.0,0.0,409896.4072917477
0.0,0.0,0.0,0.0,394946.2022432607
0.0,0.0,0.0,0.0,410449.13721261814
0.0,0.0,0.0,0.0,268992.90942476195
0.0,0.0,0.0,0.0,170767.25373774738
0.0,0.0,0.0,0.0,13565.593707472408
0.0,0.0,0.0,0.0,106132.99888548465
0.0,0.0,0.0,0.0,386469.3371681312
0.0,0.0,0.0,0.0,508840.38099983684
0.0,0.0,0.0,0.0,253068.63183089817
0.0,0.0,0.0,0.0,0.0
0.0,0.0,0.0,0.0,0.0
0.0,0.0,0.0,0.0,0.0
0.0,0.0,0.0,0.0,0.0
0.0,0.0,0.0,0.0,0.0
0.0,0.0,0.0,0.0,0.0
0.0,0.0,0.0,0.0,0.0
0.0,0.0,0.0,0.0,0.0
0.0,0.0,0.0,0.0,0.0
0.0,0.0,0.0,0.0,0.0
0.0,0.0,0.0,0.0,0.0
0.0,0.0,0.0,0.0,0.0
0.0,0.0,0.0,0.0,161268.19396534222
0.0,0.0,0.0,0.0,277807.06845452555
0.0,0.0,0.0,0.0,432015.09236388165
0.0,0.0,0.0,0.0,490044.17328024935
0.0,0.0,0.0,0.0,340208.12120891456
0.0,0.0,0.0,0.0,224662.55324601225
0.0,0.0,0.0,0.0,121697.7683286559
0.0,0.0,0.0,0.0,9436.62653696669
0.0,0.0,0.0,0.0,74596.5164362232
0.0,0.0,0.0,0.0,285571.3493861207
0.0,0.0,0.0,0.0,382976.64598991984
0.0,0.0,0.0,0.0,79855.64801042351
0.0,0.0,0.0,0.0,0.0
0.0,0.0,0.0,0.0,0.0
0.0,0.0,0.0,0.0,0.0
0.0,0.0,0.0,0.0,0.0
0.0,0.0,0.0,0.0,0.0
0.0,0.0,0.0,0.0,0.0
0.0,0.0,0.0,0.0,0.0
0.0,0.0,0.0,0.0,0.0
0.0,0.0,0.0,0.0,0.0
0.0,0.0,0.0,0.0,0.0
0.0,0.0,0.0,0.0,0.0
0.0,0.0,0.0,0.0,0.0
0.0,0.0,0.0,0.0,120678.70899446619
0.0,0.0,0.0,0.0,304374.80315640545
0.0,0.0,0.0,0.0,434540.07810344134
0.0,0.0,0.0,0.0,533334.908026882
0.0,0.0,0.0,0.0,542557.0428457563
0.0,0.0,0.0,0.0,455276.8049963603
0.0,0.0,0.0,0.0,333645.4290850267
0.0,0.0,0.0,0.0,145040.01597742442
0.0,0.0,0.0,0.0,395112.93640738964
0.0,0.0,0.0,0.0,644848.2516610558
0.0,0.0,0.0,0.0,585065.5020169999
0.0,0.0,0.0,0.0,166659.54683064116
0.0,0.0,0.0,0.0,986.3209639944114
0.0,0.0,0.0,0.0,0.0
0.0,0.0,0.0,0.0,0.0
0.0,0.0,0.0,0.0,0.0
0.0,0.0,0.0,0.0,0.0
0.0,0.0,0.0,0.0,0.0
0.0,0.0,0.0,0.0,0.0
0.0,0.0,0.0,0.0,0.0
0.0,0.0,0.0,0.0,0.0
0.0,0.0,0.0,0.0,0.0
0.0,0.0,0.0,0.0,0.0
0.0,0.0,0.0,0.0,0.0
0.0,0.0,0.0,0.0,198402.1981822696
0.0,0.0,0.0,0.0,201064.57657949516
0.0,0.0,0.0,0.0,300720.89007426554
0.0,0.0,0.0,0.0,393797.17741115624
0.0,0.0,0.0,0.0,477475.7345429349
0.0,0.0,0.0,0.0,424000.8027830039
0.0,0.0,0.0,0.0,284470.5954528048
0.0,0.0,0.0,0.0,69429.87430221068
0.0,0.0,0.0,0.0,181627.6587358177
0.0,0.0,0.0,0.0,295283.59931448137
0.0,0.0,0.0,0.0,185557.73182151336
0.0,0.0,0.0,0.0,8964.505030192646
0.0,0.0,0.0,0.0,0.0
0.0,0.0,0.0,0.0,0.0
0.0,0.0,0.0,0.0,0.0
0.0,0.0,0.0,0.0,0.0
0.0,0.0,0.0,0.0,0.0
0.0,0.0,0.0,0.0,0.0
0.0,0.0,0.0,0.0,0.0
0.0,0.0,0.0,0.0,0.0
0.0,0.0,0.0,0.0,0.0
0.0,0.0,0.0,0.0,0.0
0.0,0.0,0.0,0.0,0.0
0.0,0.0,0.0,0.0,0.0
0.0,0.0,0.0,0.0,25030.019584434303
0.0,0.0,0.0,0.0,86960.4451725553
0.0,0.0,0.0,0.0,178809.28677876183
0.0,0.0,0.0,0.0,304288.09721989307
0.0,0.0,0.0,0.0,354108.22630114167
0.0,0.0,0.0,0.0,377325.6964443745
0.0,0.0,0.0,0.0,335106.3154045897
0.0,0.0,0.0,0.0,164262.5654982151
0.0,0.0,0.0,0.0,252420.73415119236
0.0,0.0,0.0,0.0,562633.6358086532
0.0,0.0,0.0,0.0,427537.99850205326
0.0,0.0,0.0,0.0,180289.21020994257
0.0,0.0,0.0,0.0,0.0
0.0,0.0,0.0,0.0,0.0
0.0,0.0,0.0,0.0,0.0
0.0,0.0,0.0,0.0,0.0
0.0,0.0,0.0,0.0,0.0
0.0,0.0,0.0,0.0,0.0
0.0,0.0,0.0,0.0,0.0
0.0,0.0,0.0,0.0,0.0
0.0,0.0,0.0,0.0,0.0
0.0,0.0,0.0,0.0,0.0
0.0,0.0,0.0,0.0,0.0
0.0,0.0,0.0,0.0,0.0
0.0,0.0,0.0,0.0,205123.02499101055
0.0,0.0,0.0,0.0,437830.66537212755
0.0,0.0,0.0,0.0,582547.620622229
0.0,0.0,0.0,0.0,631191.9302085816
0.0,0.0,0.0,0.0,568864.9457668272
0.0,0.0,0.0,0.0,443033.2237971866
0.0,0.0,0.0,0.0,214358.2613646566
0.0,0.0,0.0,0.0,0.0
0.0,0.0,0.0,0.0,0.0
0.0,0.0,0.0,0.0,50627.938943375884
0.0,0.0,0.0,0.0,125969.28248093456
0.0,0.0,0.0,0.0,0.0
0.0,0.0,0.0,0.0,0.0
0.0,0.0,0.0,0.0,0.0
0.0,0.0,0.0,0.0,0.0
0.0,0.0,0.0,0.0,0.0
0.0,0.0,0.0,0.0,0.0
0.0,0.0,0.0,0.0,42644.12588626717
0.0,0.0,0.0,0.0,183013.966774958
0.0,0.0,0.0,0.0,0.0
0.0,0.0,0.0,0.0,0.0
0.0,0.0,0.0,0.0,0.0
0.0,0.0,0.0,0.0,0.0
0.0,0.0,0.0,0.0,239227.1088781926
0.0,0.0,0.0,0.0,396937.2095451904
0.0,0.0,0.0,0.0,518840.8217155027
0.0,0.0,0.0,0.0,1.075561652033724e6
0.0,0.0,0.0,0.0,501528.74345289613
0.0,0.0,0.0,0.0,644361.5296034934
0.0,0.0,0.0,0.0,255105.29776636415
0.0,0.0,0.0,0.0,20295.976928749908
0.0,0.0,0.0,0.0,0.0
0.0,0.0,0.0,0.0,0.0
0.0,0.0,0.0,0.0,0.0
0.0,0.0,0.0,0.0,210490.7320534549
0.0,0.0,0.0,0.0,491489.1762421972
0.0,0.0,0.0,0.0,308523.4110447816
0.0,0.0,0.0,0.0,55360.4360472995
0.0,0.0,0.0,0.0,0.0
0.0,0.0,0.0,0.0,50992.89137810394
0.0,0.0,0.0,0.0,156711.2608818859
0.0,0.0,0.0,0.0,0.0
0.0,0.0,0.0,0.0,0.0
0.0,0.0,0.0,0.0,6193.02517803055
0.0,0.0,0.0,0.0,0.0
0.0,0.0,0.0,0.0,0.0
0.0,0.0,0.0,0.0,0.0
0.0,0.0,0.0,0.0,0.0
0.0,0.0,0.0,0.0,0.0
0.0,0.0,0.0,0.0,142529.0936704341
0.0,0.0,0.0,0.0,223773.7551817379
0.0,0.0,0.0,0.0,100966.8649408992
0.0,0.0,0.0,0.0,0.0
0.0,0.0,0.0,0.0,0.0
0.0,0.0,0.0,0.0,0.0
0.0,0.0,0.0,0.0,0.0
0.0,0.0,0.0,0.0,0.0
0.0,0.0,0.0,0.0,97124.98124455761
0.0,0.0,0.0,0.0,614106.7732537758
0.0,0.0,0.0,0.0,529485.6378899266
0.0,0.0,0.0,0.0,225836.53531892007
0.0,0.0,0.0,0.0,10705.207604503394
0.0,0.0,0.0,0.0,0.0
0.0,0.0,0.0,0.0,0.0
0.0,0.0,0.0,0.0,0.0
0.0,0.0,0.0,0.0,0.0
0.0,0.0,0.0,0.0,15956.04039717502
0.0,0.0,0.0,0.0,0.0
0.0,0.0,0.0,0.0,0.0
0.0,0.0,0.0,0.0,0.0
0.0,0.0,0.0,0.0,0.0
0.0,0.0,0.0,0.0,93358.09332995533
0.0,0.0,0.0,0.0,524778.2727380802
0.0,0.0,0.0,0.0,731095.4765561589
0.0,0.0,0.0,0.0,783693.3089144913
0.0,0.0,0.0,0.0,1.236796114821819e6
0.0,0.0,0.0,0.0,1.0701713035584823e6
0.0,0.0,0.0,0.0,705084.6397082526
0.0,0.0,0.0,0.0,370018.2712892132
0.0,0.0,0.0,0.0,397682.62786911486
0.0,0.0,0.0,0.0,667526.0692379164
0.0,0.0,0.0,0.0,1.1320797566559245e6
0.0,0.0,0.0,0.0,1.0760525499970345e6
0.0,0.0,0.0,0.0,0.0
0.0,0.0,0.0,0.0,66444.91275318836
0.0,0.0,0.0,0.0,0.0
0.0,0.0,0.0,0.0,0.0
0.0,0.0,0.0,0.0,0.0
0.0,0.0,0.0,0.0,34549.751232895265
0.0,0.0,0.0,0.0,97130.9314284302
0.0,0.0,0.0,0.0,0.0
0.0,0.0,0.0,0.0,0.0
0.0,0.0,0.0,0.0,0.0
0.0,0.0,0.0,0.0,0.0
0.0,0.0,0.0,0.0,0.0
0.0,0.0,0.0,0.0,0.0
0.0,0.0,0.0,0.0,29191.93500733611
0.0,0.0,0.0,0.0,195277.0877698364
0.0,0.0,0.0,0.0,14888.349736880826
0.0,0.0,0.0,0.0,29477.53345421719
0.0,0.0,0.0,0.0,142391.28061306622
0.0,0.0,0.0,0.0,0.0
0.0,0.0,0.0,0.0,0.0
0.0,0.0,0.0,0.0,0.0
0.0,0.0,0.0,0.0,0.0
0.0,0.0,0.0,0.0,36138.01930475625
0.0,0.0,0.0,0.0,354322.3014791028
0.0,0.0,0.0,0.0,449245.95368382335
0.0,0.0,0.0,0.0,169943.7715099703
0.0,0.0,0.0,0.0,132120.27601888363
0.0,0.0,0.0,0.0,17651.1929444083
0.0,0.0,0.0,0.0,25168.65637206909
0.0,0.0,0.0,0.0,47260.77351141562
0.0,0.0,0.0,0.0,0.0
0.0,0.0,0.0,0.0,88420.22913888459
0.0,0.0,0.0,0.0,297200.0365361425
0.0,0.0,0.0,0.0,0.0
0.0,0.0,0.0,0.0,0.0
0.0,0.0,0.0,0.0,0.0
0.0,0.0,0.0,0.0,0.0
0.0,0.0,0.0,0.0,0.0
0.0,0.0,0.0,0.0,43916.39580023819
0.0,0.0,0.0,0.0,239152.61892237628
0.0,0.0,0.0,0.0,305089.0412021549
0.0,0.0,0.0,0.0,161961.60923544446
0.0,0.0,0.0,0.0,61775.821855369235
0.0,0.0,0.0,0.0,16489.67456155819
0.0,0.0,0.0,0.0,0.0
0.0,0.0,0.0,0.0,0.0
0.0,0.0,0.0,0.0,34882.47960142969
0.0,0.0,0.0,0.0,643026.3964456377
0.0,0.0,0.0,0.0,560576.7487133314
0.0,0.0,0.0,0.0,263757.34598275286
0.0,0.0,0.0,0.0,45091.56915043593
0.0,0.0,0.0,0.0,167008.58888328238
0.0,0.0,0.0,0.0,20823.288052626773
0.0,0.0,0.0,0.0,199454.03921608804
0.0,0.0,0.0,0.0,0.0
0.0,0.0,0.0,0.0,0.0
0.0,0.0,0.0,0.0,30314.151556850476
0.0,0.0,0.0,0.0,0.0
0.0,0.0,0.0,0.0,0.0
0.0,0.0,0.0,0.0,0.0
0.0,0.0,0.0,0.0,0.0
0.0,0.0,0.0,0.0,0.0
0.0,0.0,0.0,0.0,171738.43461487978
0.0,0.0,0.0,0.0,341349.94923540164
0.0,0.0,0.0,0.0,322725.8695976499
0.0,0.0,0.0,0.0,366376.4809605292
0.0,0.0,0.0,0.0,321128.7621726161
0.0,0.0,0.0,0.0,278659.5210667423
0.0,0.0,0.0,0.0,122386.12657370328
0.0,0.0,0.0,0.0,204831.1990500036
0.0,0.0,0.0,0.0,424188.11746608233
0.0,0.0,0.0,0.0,473605.4119159794
0.0,0.0,0.0,0.0,258228.0542126833
0.0,0.0,0.0,0.0,0.0
0.0,0.0,0.0,0.0,0.0
0.0,0.0,0.0,0.0,0.0
0.0,0.0,0.0,0.0,0.0
0.0,0.0,0.0,0.0,0.0
0.0,0.0,0.0,0.0,0.0
0.0,0.0,0.0,0.0,0.0
0.0,0.0,0.0,0.0,0.0
0.0,0.0,0.0,0.0,0.0
0.0,0.0,0.0,0.0,0.0
0.0,0.0,0.0,0.0,0.0
0.0,0.0,0.0,0.0,0.0
0.0,0.0,0.0,0.0,194079.86076710914
0.0,0.0,0.0,0.0,500646.3903037566
0.0,0.0,0.0,0.0,711154.7539703472
0.0,0.0,0.0,0.0,730339.4180243388
0.0,0.0,0.0,0.0,767422.4331865251
0.0,0.0,0.0,0.0,609727.4430856847
0.0,0.0,0.0,0.0,384009.1850236308
0.0,0.0,0.0,0.0,18479.779043411116
0.0,0.0,0.0,0.0,0.0
0.0,0.0,0.0,0.0,0.0
0.0,0.0,0.0,0.0,0.0
0.0,0.0,0.0,0.0,0.0
0.0,0.0,0.0,0.0,41103.541553582814
0.0,0.0,0.0,0.0,0.0
0.0,0.0,0.0,0.0,0.0
0.0,0.0,0.0,0.0,21793.222673707896
0.0,0.0,0.0,0.0,192255.77262191614
0.0,0.0,0.0,0.0,527.1021791463838
0.0,0.0,0.0,0.0,148882.49416781863
0.0,0.0,0.0,0.0,14060.238524476672
0.0,0.0,0.0,0.0,0.0
0.0,0.0,0.0,0.0,0.0
0.0,0.0,0.0,0.0,37325.361770779695
0.0,0.0,0.0,0.0,295105.8251143964
0.0,0.0,0.0,0.0,336114.3205980043
0.0,0.0,0.0,0.0,277964.72258646233
0.0,0.0,0.0,0.0,89572.77542069127
0.0,0.0,0.0,0.0,0.0
0.0,0.0,0.0,0.0,0.0
0.0,0.0,0.0,0.0,0.0
0.0,0.0,0.0,0.0,0.0
0.0,0.0,0.0,0.0,0.0
0.0,0.0,0.0,0.0,0.0
0.0,0.0,0.0,0.0,0.0
0.0,0.0,0.0,0.0,0.0
0.0,0.0,0.0,0.0,0.0
0.0,0.0,0.0,0.0,0.0
0.0,0.0,0.0,0.0,0.0
0.0,0.0,0.0,0.0,0.0
0.0,0.0,0.0,0.0,44944.82486065243
0.0,0.0,0.0,0.0,131767.0015153178
0.0,0.0,0.0,0.0,219208.25755903363
0.0,0.0,0.0,0.0,257516.9299561652
0.0,0.0,0.0,0.0,14723.946782729881
0.0,0.0,0.0,0.0,0.0
0.0,0.0,0.0,0.0,0.0
0.0,0.0,0.0,0.0,0.0
0.0,0.0,0.0,0.0,0.0
0.0,0.0,0.0,0.0,68626.90249091444
0.0,0.0,0.0,0.0,202752.89827835478
0.0,0.0,0.0,0.0,285284.77245697373
0.0,0.0,0.0,0.0,171910.15156506703
0.0,0.0,0.0,0.0,31872.493705787165
0.0,0.0,0.0,0.0,0.0
0.0,0.0,0.0,0.0,0.0
0.0,0.0,0.0,0.0,0.0
0.0,0.0,0.0,0.0,0.0
0.0,0.0,0.0,0.0,326419.8928826834
0.0,0.0,0.0,0.0,697960.6920523879
0.0,0.0,0.0,0.0,600236.8281678513
0.0,0.0,0.0,0.0,377494.6270902797
0.0,0.0,0.0,0.0,144764.51581362856
0.0,0.0,0.0,0.0,0.0
0.0,0.0,0.0,0.0,0.0
0.0,0.0,0.0,0.0,0.0
0.0,0.0,0.0,0.0,0.0
0.0,0.0,0.0,0.0,0.0
0.0,0.0,0.0,0.0,0.0
0.0,0.0,0.0,0.0,0.0
0.0,0.0,0.0,0.0,0.0
0.0,0.0,0.0,0.0,0.0
0.0,0.0,0.0,0.0,357531.9420313631
0.0,0.0,0.0,0.0,615328.5978927278
0.0,0.0,0.0,0.0,774732.2476295434
0.0,0.0,0.0,0.0,840780.8506320674
0.0,0.0,0.0,0.0,713197.2671443549
0.0,0.0,0.0,0.0,583928.5574625229
0.0,0.0,0.0,0.0,349529.66432034026
0.0,0.0,0.0,0.0,162310.80516850686
0.0,0.0,0.0,0.0,0.0
0.0,0.0,0.0,0.0,0.0
0.0,0.0,0.0,0.0,0.0
0.0,0.0,0.0,0.0,121007.60367121885
0.0,0.0,0.0,0.0,0.0
0.0,0.0,0.0,0.0,0.0
0.0,0.0,0.0,0.0,0.0
0.0,0.0,0.0,0.0,0.0
0.0,0.0,0.0,0.0,0.0
0.0,0.0,0.0,0.0,0.0
0.0,0.0,0.0,0.0,0.0
0.0,0.0,0.0,0.0,0.0
0.0,0.0,0.0,0.0,0.0
0.0,0.0,0.0,0.0,0.0
0.0,0.0,0.0,0.0,0.0
0.0,0.0,0.0,0.0,0.0
0.0,0.0,0.0,0.0,0.0
0.0,0.0,0.0,0.0,235.1164530462505
0.0,0.0,0.0,0.0,564.8237291923821
0.0,0.0,0.0,0.0,684.3498042064497
0.0,0.0,0.0,0.0,566.5267909828785
0.0,0.0,0.0,0.0,230.020553706931
0.0,0.0,0.0,0.0,0.0
0.0,0.0,0.0,0.0,0.0
0.0,0.0,0.0,0.0,0.0
0.0,0.0,0.0,0.0,0.0
0.0,0.0,0.0,0.0,49.37539062500001
0.0,0.0,0.0,0.0,57.50332337602311
0.0,0.0,0.0,0.0,601.8231179983503
0.0,0.0,0.0,0.0,60.686640625000024
0.0,0.0,0.0,0.0,63.55543359375
0.0,0.0,0.0,0.0,383.5131639687933
0.0,0.0,0.0,0.0,66.5987109375
0.0,0.0,0.0,0.0,565.515682412757
0.0,0.0,0.0,0.0,954.2998583053425
0.0,0.0,0.0,0.0,1282.688729569477
0.0,0.0,0.0,0.0,60.36276953125001
0.0,0.0,0.0,0.0,0.0
0.0,0.0,0.0,0.0,0.0
0.0,0.0,0.0,0.0,53.567165089959275
0.0,0.0,0.0,0.0,474.11104805783
0.0,0.0,0.0,0.0,773.2909287471437
0.0,0.0,0.0,0.0,802.2760408417867
0.0,0.0,0.0,0.0,40.09571484375
0.0,0.0,0.0,0.0,55.57495776449758
0.0,0.0,0.0,0.0,38.0706171875
0.0,0.0,0.0,0.0,38.214375000000004
0.0,0.0,0.0,0.0,108.79221902750018
0.0,0.0,0.0,0.0,0.0
0.0,0.0,0.0,0.0,0.0
0.0,0.0,0.0,0.0,200.7082698001966
0.0,0.0,0.0,0.0,0.0
0.0,0.0,0.0,0.0,0.0
0.0,0.0,0.0,0.0,0.0
0.0,0.0,0.0,0.0,0.0
0.0,0.0,0.0,0.0,33.12876911883501
0.0,0.0,0.0,0.0,62.71912500000001
0.0,0.0,0.0,0.0,62.50495312500001
0.0,0.0,0.0,0.0,61.21897265625001
0.0,0.0,0.0,0.0,346.15475965349384
0.0,0.0,0.0,0.0,144.41042427873862
0.0,0.0,0.0,0.0,0.0
0.0,0.0,0.0,0.0,0.0
0.0,0.0,0.0,0.0,0.0
0.0,0.0,0.0,0.0,47.21021875
0.0,0.0,0.0,0.0,44.45111328125001
0.0,0.0,0.0,0.0,42.174191406249996
0.0,0.0,0.0,0.0,318913.93297172314
0.0,0.0,0.0,0.0,344930.21505603334
0.0,0.0,0.0,0.0,396857.4892419118
0.0,0.0,0.0,0.0,278954.93034636223
0.0,0.0,0.0,0.0,150561.01020720546
0.0,0.0,0.0,0.0,10667.70465113591
0.0,0.0,0.0,0.0,104196.95036427643
0.0,0.0,0.0,0.0,469817.3738148911
0.0,0.0,0.0,0.0,740377.1521445208
0.0,0.0,0.0,0.0,729954.3634672618
0.0,0.0,0.0,0.0,449409.4340339683
0.0,0.0,0.0,0.0,243553.7908815458
0.0,0.0,0.0,0.0,188242.4039726443
0.0,0.0,0.0,0.0,84537.55633863942
0.0,0.0,0.0,0.0,48680.272039614196
0.0,0.0,0.0,0.0,0.0
0.0,0.0,0.0,0.0,21744.599688930983
0.0,0.0,0.0,0.0,25813.386753247723
0.0,0.0,0.0,0.0,0.0
0.0,0.0,0.0,0.0,0.0
0.0,0.0,0.0,0.0,0.0
0.0,0.0,0.0,0.0,0.0
0.0,0.0,0.0,0.0,61079.528940659024
0.0,0.0,0.0,0.0,256506.5202752884
0.0,0.0,0.0,0.0,360848.7533476372
0.0,0.0,0.0,0.0,333617.48338720086
0.0,0.0,0.0,0.0,237011.22773513556
0.0,0.0,0.0,0.0,38464.56411902205
0.0,0.0,0.0,0.0,0.0
0.0,0.0,0.0,0.0,0.0
0.0,0.0,0.0,0.0,0.0
0.0,0.0,0.0,0.0,231596.88915201536
0.0,0.0,0.0,0.0,628109.0303006349
0.0,0.0,0.0,0.0,340327.8186403094
0.0,0.0,0.0,0.0,47004.605647335076
0.0,0.0,0.0,0.0,0.0
0.0,0.0,0.0,0.0,0.0
0.0,0.0,0.0,0.0,0.0
0.0,0.0,0.0,0.0,0.0
0.0,0.0,0.0,0.0,0.0
0.0,0.0,0.0,0.0,0.0
0.0,0.0,0.0,0.0,0.0
0.0,0.0,0.0,0.0,0.0
0.0,0.0,0.0,0.0,0.0
0.0,0.0,0.0,0.0,0.0
0.0,0.0,0.0,0.0,32231.52998727513
0.0,0.0,0.0,0.0,233042.87459953348
0.0,0.0,0.0,0.0,294542.0377572297
0.0,0.0,0.0,0.0,325709.92486200534
0.0,0.0,0.0,0.0,243708.76867180842
0.0,0.0,0.0,0.0,151299.3030782943
0.0,0.0,0.0,0.0,0.0
0.0,0.0,0.0,0.0,0.0
0.0,0.0,0.0,0.0,0.0
0.0,0.0,0.0,0.0,0.0
0.0,0.0,0.0,0.0,170262.3709760228
0.0,0.0,0.0,0.0,419535.58090583934
0.0,0.0,0.0,0.0,371085.68442525266
0.0,0.0,0.0,0.0,0.0
0.0,0.0,0.0,0.0,0.0
0.0,0.0,0.0,0.0,0.0
0.0,0.0,0.0,0.0,0.0
0.0,0.0,0.0,0.0,0.0
0.0,0.0,0.0,0.0,0.0
0.0,0.0,0.0,0.0,0.0
0.0,0.0,0.0,0.0,0.0
0.0,0.0,0.0,0.0,0.0
0.0,0.0,0.0,0.0,0.0
0.0,0.0,0.0,0.0,0.0
0.0,0.0,0.0,0.0,0.0
0.0,0.0,0.0,0.0,155370.98318369183
0.0,0.0,0.0,0.0,239069.8172378435
0.0,0.0,0.0,0.0,253291.85095903656
0.0,0.0,0.0,0.0,106926.55799732963
0.0,0.0,0.0,0.0,27084.045409849903
0.0,0.0,0.0,0.0,5995.768045200469
0.0,0.0,0.0,0.0,0.0
0.0,0.0,0.0,0.0,0.0
0.0,0.0,0.0,0.0,0.0
0.0,0.0,0.0,0.0,380291.9203463697
0.0,0.0,0.0,0.0,661673.2245909037
0.0,0.0,0.0,0.0,214638.80992245176
0.0,0.0,0.0,0.0,23501.101758683384
0.0,0.0,0.0,0.0,0.0
0.0,0.0,0.0,0.0,0.0
0.0,0.0,0.0,0.0,0.0
0.0,0.0,0.0,0.0,0.0
0.0,0.0,0.0,0.0,0.0
0.0,0.0,0.0,0.0,22898.221964964774
0.0,0.0,0.0,0.0,0.0
0.0,0.0,0.0,0.0,0.0
0.0,0.0,0.0,0.0,0.0
0.0,0.0,0.0,0.0,0.0
0.0,0.0,0.0,0.0,0.0
0.0,0.0,0.0,0.0,19771.127818903235
0.0,0.0,0.0,0.0,122617.39231648462
0.0,0.0,0.0,0.0,183144.43369686318
0.0,0.0,0.0,0.0,65795.37517829044
0.0,0.0,0.0,0.0,28341.089870493754
0.0,0.0,0.0,0.0,238007.62049454203
0.0,0.0,0.0,0.0,0.0
0.0,0.0,0.0,0.0,238437.623307729
0.0,0.0,0.0,0.0,419593.11302322266
0.0,0.0,0.0,0.0,138677.8090637438
0.0,0.0,0.0,0.0,220332.97953946108
0.0,0.0,0.0,0.0,138965.21648240017
0.0,0.0,0.0,0.0,167343.7427562657
0.0,0.0,0.0,0.0,0.0
0.0,0.0,0.0,0.0,0.0
0.0,0.0,0.0,0.0,0.0
0.0,0.0,0.0,0.0,0.0
0.0,0.0,0.0,0.0,425309.5622125054
0.0,0.0,0.0,0.0,764880.5612122419
0.0,0.0,0.0,0.0,632375.0186446115
0.0,0.0,0.0,0.0,0.0
0.0,0.0,0.0,0.0,0.0
0.0,0.0,0.0,0.0,0.0
0.0,0.0,0.0,0.0,67110.55106359358
0.0,0.0,0.0,0.0,52196.48459835275
0.0,0.0,0.0,0.0,27245.503894937672
0.0,0.0,0.0,0.0,209869.6752222703
0.0,0.0,0.0,0.0,151421.3262629459
0.0,0.0,0.0,0.0,9033.954557159099
0.0,0.0,0.0,0.0,0.0
0.0,0.0,0.0,0.0,0.0
0.0,0.0,0.0,0.0,0.0
0.0,0.0,0.0,0.0,0.0
0.0,0.0,0.0,0.0,0.0
0.0,0.0,0.0,0.0,137742.12032943172
0.0,0.0,0.0,0.0,554036.3069589599
0.0,0.0,0.0,0.0,701275.7311224472
0.0,0.0,0.0,0.0,1.0000170142967651e6
0.0,0.0,0.0,0.0,1.0211899041919406e6
0.0,0.0,0.0,0.0,935183.2757453161
0.0,0.0,0.0,0.0,134870.56231734072
0.0,0.0,0.0,0.0,102316.08710679073
0.0,0.0,0.0,0.0,583602.083256875
0.0,0.0,0.0,0.0,1.3453214415248968e6
0.0,0.0,0.0,0.0,232333.82901739178
0.0,0.0,0.0,0.0,0.0
0.0,0.0,0.0,0.0,0.0
0.0,0.0,0.0,0.0,0.0
0.0,0.0,0.0,0.0,0.0
0.0,0.0,0.0,0.0,0.0
0.0,0.0,0.0,0.0,0.0
0.0,0.0,0.0,0.0,0.0
0.0,0.0,0.0,0.0,0.0
0.0,0.0,0.0,0.0,0.0
0.0,0.0,0.0,0.0,0.0
0.0,0.0,0.0,0.0,0.0
0.0,0.0,0.0,0.0,0.0
0.0,0.0,0.0,0.0,0.0
0.0,0.0,0.0,0.0,0.0
0.0,0.0,0.0,0.0,79183.62000982888
0.0,0.0,0.0,0.0,1.2304580655629588e6
0.0,0.0,0.0,0.0,894938.711941211
0.0,0.0,0.0,0.0,299392.4755733537
0.0,0.0,0.0,0.0,903792.0515688376
0.0,0.0,0.0,0.0,1.3034402989069412e6
0.0,0.0,0.0,0.0,773920.3074983173
0.0,0.0,0.0,0.0,241207.80564385888
0.0,0.0,0.0,0.0,0.0
0.0,0.0,0.0,0.0,0.0
0.0,0.0,0.0,0.0,0.0
0.0,0.0,0.0,0.0,0.0
0.0,0.0,0.0,0.0,0.0
0.0,0.0,0.0,0.0,0.0
0.0,0.0,0.0,0.0,0.0
0.0,0.0,0.0,0.0,0.0
0.0,0.0,0.0,0.0,0.0
0.0,0.0,0.0,0.0,0.0
0.0,0.0,0.0,0.0,0.0
0.0,0.0,0.0,0.0,0.0
0.0,0.0,0.0,0.0,0.0
0.0,0.0,0.0,0.0,0.0
0.0,0.0,0.0,0.0,0.0
0.0,0.0,0.0,0.0,0.0
0.0,0.0,0.0,0.0,247842.48445352179
0.0,0.0,0.0,0.0,415888.9240753658
0.0,0.0,0.0,0.0,259530.09800896366
0.0,0.0,0.0,0.0,23838.577464817772
0.0,0.0,0.0,0.0,23642.94559076606
0.0,0.0,0.0,0.0,36817.60304079375
0.0,0.0,0.0,0.0,36964.132711307815
0.0,0.0,0.0,0.0,36274.259673750006
0.0,0.0,0.0,0.0,35402.11271923594
0.0,0.0,0.0,0.0,0.0
0.0,0.0,0.0,0.0,0.0
0.0,0.0,0.0,0.0,36899.58915586301
0.0,0.0,0.0,0.0,165705.5218143781
0.0,0.0,0.0,0.0,84893.94831385909
0.0,0.0,0.0,0.0,233096.97680903447
0.0,0.0,0.0,0.0,8802.34384124256
0.0,0.0,0.0,0.0,0.0
0.0,0.0,0.0,0.0,26408.938467942167
0.0,0.0,0.0,0.0,0.0
0.0,0.0,0.0,0.0,0.0
0.0,0.0,0.0,0.0,0.0
0.0,0.0,0.0,0.0,0.0
0.0,0.0,0.0,0.0,0.0
0.0,0.0,0.0,0.0,0.0
0.0,0.0,0.0,0.0,0.0
0.0,0.0,0.0,0.0,0.0
0.0,0.0,0.0,0.0,0.0
0.0,0.0,0.0,0.0,0.0
0.0,0.0,0.0,0.0,83386.64624177392
0.0,0.0,0.0,0.0,237274.62303743034
0.0,0.0,0.0,0.0,373167.62173003994
0.0,0.0,0.0,0.0,454804.743313019
0.0,0.0,0.0,0.0,254718.00558670698
0.0,0.0,0.0,0.0,0.0
0.0,0.0,0.0,0.0,0.0
0.0,0.0,0.0,0.0,0.0
0.0,0.0,0.0,0.0,0.0
0.0,0.0,0.0,0.0,7758.719169245186
0.0,0.0,0.0,0.0,14566.281342136846
0.0,0.0,0.0,0.0,44990.23537012868
0.0,0.0,0.0,0.0,134103.70322555478
0.0,0.0,0.0,0.0,240089.0454170133
0.0,0.0,0.0,0.0,231154.5455109569
0.0,0.0,0.0,0.0,8188.3658113482
0.0,0.0,0.0,0.0,0.0
0.0,0.0,0.0,0.0,25938.497121307144
0.0,0.0,0.0,0.0,624477.3034704481
0.0,0.0,0.0,0.0,1755.608674650139
0.0,0.0,0.0,0.0,898445.9204587067
0.0,0.0,0.0,0.0,470532.9157283502
0.0,0.0,0.0,0.0,227071.48143995972
0.0,0.0,0.0,0.0,53501.34702610767
0.0,0.0,0.0,0.0,7072.154918089366
0.0,0.0,0.0,0.0,10096.3077555273
0.0,0.0,0.0,0.0,23052.236003864913
0.0,0.0,0.0,0.0,18849.098256877427
0.0,0.0,0.0,0.0,0.0
0.0,0.0,0.0,0.0,0.0
0.0,0.0,0.0,0.0,0.0
0.0,0.0,0.0,0.0,33091.06077412998
0.0,0.0,0.0,0.0,351691.69461960974
0.0,0.0,0.0,0.0,471716.35554285196
0.0,0.0,0.0,0.0,384255.6965964488
0.0,0.0,0.0,0.0,375988.02864611556
0.0,0.0,0.0,0.0,326546.327418222
0.0,0.0,0.0,0.0,136586.3185269218
0.0,0.0,0.0,0.0,10054.529179560968
0.0,0.0,0.0,0.0,0.0
0.0,0.0,0.0,0.0,0.0
0.0,0.0,0.0,0.0,0.0
0.0,0.0,0.0,0.0,359290.6199064797
0.0,0.0,0.0,0.0,636264.9224016826
0.0,0.0,0.0,0.0,135859.51324746638
0.0,0.0,0.0,0.0,0.0
0.0,0.0,0.0,0.0,0.0
0.0,0.0,0.0,0.0,0.0
0.0,0.0,0.0,0.0,0.0
0.0,0.0,0.0,0.0,0.0
0.0,0.0,0.0,0.0,0.0
0.0,0.0,0.0,0.0,0.0
0.0,0.0,0.0,0.0,0.0
0.0,0.0,0.0,0.0,0.0
0.0,0.0,0.0,0.0,0.0
0.0,0.0,0.0,0.0,48694.761321607504
0.0,0.0,0.0,0.0,462316.26539280225
0.0,0.0,0.0,0.0,506444.6837087963
0.0,0.0,0.0,0.0,612999.7310818011
0.0,0.0,0.0,0.0,490915.0678911618
0.0,0.0,0.0,0.0,183261.6378841292
0.0,0.0,0.0,0.0,48735.738701113805
0.0,0.0,0.0,0.0,0.0
0.0,0.0,0.0,0.0,0.0
0.0,0.0,0.0,0.0,0.0
0.0,0.0,0.0,0.0,0.0
0.0,0.0,0.0,0.0,210502.12062295366
0.0,0.0,0.0,0.0,710524.7369066055
0.0,0.0,0.0,0.0,480988.2616609807
0.0,0.0,0.0,0.0,168770.9085433793
0.0,0.0,0.0,0.0,2112.5215395037017
0.0,0.0,0.0,0.0,0.0
0.0,0.0,0.0,0.0,0.0
0.0,0.0,0.0,0.0,21979.633898411033
0.0,0.0,0.0,0.0,23682.304620554176
0.0,0.0,0.0,0.0,39346.53144168724
0.0,0.0,0.0,0.0,0.0
0.0,0.0,0.0,0.0,0.0
0.0,0.0,0.0,0.0,0.0
0.0,0.0,0.0,0.0,0.0
0.0,0.0,0.0,0.0,114304.8086473411
0.0,0.0,0.0,0.0,299713.52515150345
0.0,0.0,0.0,0.0,418751.857183772
0.0,0.0,0.0,0.0,372556.29673103243
0.0,0.0,0.0,0.0,290754.49416181736
0.0,0.0,0.0,0.0,167377.98609646127
0.0,0.0,0.0,0.0,105558.29773467795
0.0,0.0,0.0,0.0,34673.087910248934
0.0,0.0,0.0,0.0,0.0
0.0,0.0,0.0,0.0,0.0
0.0,0.0,0.0,0.0,448980.3399006103
0.0,0.0,0.0,0.0,724372.8872472655
0.0,0.0,0.0,0.0,455269.19786782557
0.0,0.0,0.0,0.0,46511.842760458
0.0,0.0,0.0,0.0,0.0
0.0,0.0,0.0,0.0,0.0
0.0,0.0,0.0,0.0,0.0
0.0,0.0,0.0,0.0,0.0
0.0,0.0,0.0,0.0,0.0
0.0,0.0,0.0,0.0,36204.39268051736
0.0,0.0,0.0,0.0,0.0
0.0,0.0,0.0,0.0,0.0
0.0,0.0,0.0,0.0,0.0
0.0,0.0,0.0,0.0,0.0
0.0,0.0,0.0,0.0,0.0
0.0,0.0,0.0,0.0,0.0
0.0,0.0,0.0,0.0,0.0
0.0,0.0,0.0,0.0,0.0
0.0,0.0,0.0,0.0,0.0
0.0,0.0,0.0,0.0,0.0
0.0,0.0,0.0,0.0,0.0
0.0,0.0,0.0,0.0,0.0
0.0,0.0,0.0,0.0,0.0
0.0,0.0,0.0,0.0,0.0
0.0,0.0,0.0,0.0,317752.7898152855
0.0,0.0,0.0,0.0,642623.4568908566
0.0,0.0,0.0,0.0,518516.0975960861
0.0,0.0,0.0,0.0,209801.03222069202
0.0,0.0,0.0,0.0,0.0
0.0,0.0,0.0,0.0,0.0
0.0,0.0,0.0,0.0,0.0
0.0,0.0,0.0,0.0,0.0
0.0,0.0,0.0,0.0,0.0
0.0,0.0,0.0,0.0,167244.7619861916
0.0,0.0,0.0,0.0,0.0
0.0,0.0,0.0,0.0,0.0
0.0,0.0,0.0,0.0,0.0
0.0,0.0,0.0,0.0,0.0
0.0,0.0,0.0,0.0,0.0
0.0,0.0,0.0,0.0,81025.36753421689
0.0,0.0,0.0,0.0,176519.35160524942
0.0,0.0,0.0,0.0,172048.21687578785
0.0,0.0,0.0,0.0,148605.99827630506
0.0,0.0,0.0,0.0,114643.7264849329
0.0,0.0,0.0,0.0,51005.441315387834
0.0,0.0,0.0,0.0,3962.728460006988
0.0,0.0,0.0,0.0,0.0
0.0,0.0,0.0,0.0,0.0
0.0,0.0,0.0,0.0,0.0
0.0,0.0,0.0,0.0,338122.5061921165
0.0,0.0,0.0,0.0,134319.21717918382
0.0,0.0,0.0,0.0,41942.90529161222
0.0,0.0,0.0,0.0,0.0
0.0,0.0,0.0,0.0,0.0
0.0,0.0,0.0,0.0,0.0
0.0,0.0,0.0,0.0,0.0
0.0,0.0,0.0,0.0,38753.246750157494
0.0,0.0,0.0,0.0,158819.8490740639
0.0,0.0,0.0,0.0,0.0
0.0,0.0,0.0,0.0,0.0
0.0,0.0,0.0,0.0,0.0
0.0,0.0,0.0,0.0,0.0
0.0,0.0,0.0,0.0,0.0
0.0,0.0,0.0,0.0,6174.06632522008
0.0,0.0,0.0,0.0,133020.87836287575
0.0,0.0,0.0,0.0,136063.7048226985
0.0,0.0,0.0,0.0,231925.56328452635
0.0,0.0,0.0,0.0,252307.33535836774
0.0,0.0,0.0,0.0,54869.92100590027
0.0,0.0,0.0,0.0,47723.799559821
0.0,0.0,0.0,0.0,0.0
0.0,0.0,0.0,0.0,0.0
0.0,0.0,0.0,0.0,34683.73488724669
0.0,0.0,0.0,0.0,666843.7756059092
0.0,0.0,0.0,0.0,545761.9717817818
0.0,0.0,0.0,0.0,501417.28904422553
0.0,0.0,0.0,0.0,391760.70832833234
0.0,0.0,0.0,0.0,184457.0876406455
0.0,0.0,0.0,0.0,114460.41065733576
0.0,0.0,0.0,0.0,47559.044924409376
0.0,0.0,0.0,0.0,0.0
0.0,0.0,0.0,0.0,0.0
0.0,0.0,0.0,0.0,0.0
0.0,0.0,0.0,0.0,0.0
0.0,0.0,0.0,0.0,0.0
0.0,0.0,0.0,0.0,0.0
0.0,0.0,0.0,0.0,0.0
0.0,0.0,0.0,0.0,677.2223944736867
0.0,0.0,0.0,0.0,39367.845386784866
0.0,0.0,0.0,0.0,218929.3864076882
0.0,0.0,0.0,0.0,223278.26518402057
0.0,0.0,0.0,0.0,159958.26361929276
0.0,0.0,0.0,0.0,61476.970189669046
0.0,0.0,0.0,0.0,0.0
0.0,0.0,0.0,0.0,0.0
0.0,0.0,0.0,0.0,0.0
0.0,0.0,0.0,0.0,0.0
0.0,0.0,0.0,0.0,603559.2535729564
0.0,0.0,0.0,0.0,603224.1107758996
0.0,0.0,0.0,0.0,370654.9332764771
0.0,0.0,0.0,0.0,120903.05986296445
0.0,0.0,0.0,0.0,0.0
0.0,0.0,0.0,0.0,0.0
0.0,0.0,0.0,0.0,0.0
0.0,0.0,0.0,0.0,0.0
0.0,0.0,0.0,0.0,0.0
0.0,0.0,0.0,0.0,0.0
0.0,0.0,0.0,0.0,0.0
0.0,0.0,0.0,0.0,0.0
0.0,0.0,0.0,0.0,0.0
0.0,0.0,0.0,0.0,254199.35743190508
0.0,0.0,0.0,0.0,568652.0007131665
0.0,0.0,0.0,0.0,588884.6623938499
0.0,0.0,0.0,0.0,631984.9346415217
0.0,0.0,0.0,0.0,477120.8494303181
0.0,0.0,0.0,0.0,178355.8911403335
0.0,0.0,0.0,0.0,0.0
0.0,0.0,0.0,0.0,0.0
0.0,0.0,0.0,0.0,0.0
0.0,0.0,0.0,0.0,0.0
0.0,0.0,0.0,0.0,7046.445539550294
0.0,0.0,0.0,0.0,403543.88265396096
0.0,0.0,0.0,0.0,444691.2866254604
0.0,0.0,0.0,0.0,261698.5725933047
0.0,0.0,0.0,0.0,48647.106739113886
0.0,0.0,0.0,0.0,0.0
0.0,0.0,0.0,0.0,0.0
0.0,0.0,0.0,0.0,0.0
0.0,0.0,0.0,0.0,0.0
0.0,0.0,0.0,0.0,0.0
0.0,0.0,0.0,0.0,0.0
0.0,0.0,0.0,0.0,0.0
0.0,0.0,0.0,0.0,0.0
0.0,0.0,0.0,0.0,0.0
0.0,0.0,0.0,0.0,0.0
0.0,0.0,0.0,0.0,112466.02745770087
0.0,0.0,0.0,0.0,251891.1725263626
0.0,0.0,0.0,0.0,269954.30231784587
0.0,0.0,0.0,0.0,301703.7773173844
0.0,0.0,0.0,0.0,103072.33347566758
0.0,0.0,0.0,0.0,0.0
0.0,0.0,0.0,0.0,0.0
0.0,0.0,0.0,0.0,0.0
0.0,0.0,0.0,0.0,0.0
0.0,0.0,0.0,0.0,417958.0305122685
0.0,0.0,0.0,0.0,759294.5319636306
0.0,0.0,0.0,0.0,774208.1191220811
0.0,0.0,0.0,0.0,749609.9775498952
0.0,0.0,0.0,0.0,270814.1623783861
0.0,0.0,0.0,0.0,0.0
0.0,0.0,0.0,0.0,0.0
0.0,0.0,0.0,0.0,0.0
0.0,0.0,0.0,0.0,0.0
0.0,0.0,0.0,0.0,0.0
0.0,0.0,0.0,0.0,0.0
0.0,0.0,0.0,0.0,0.0
0.0,0.0,0.0,0.0,0.0
0.0,0.0,0.0,0.0,2015.8646650851936
0.0,0.0,0.0,0.0,142.3570525253232
0.0,0.0,0.0,0.0,47.54441015625
0.0,0.0,0.0,0.0,1077.2515477896457
0.0,0.0,0.0,0.0,1242.2062053494735
0.0,0.0,0.0,0.0,1356.710339103087
0.0,0.0,0.0,0.0,1296.36431308151
0.0,0.0,0.0,0.0,1142.641625391989
0.0,0.0,0.0,0.0,912.2586497303906
0.0,0.0,0.0,0.0,755.0545702817104
0.0,0.0,0.0,0.0,862.0162889857966
0.0,0.0,0.0,0.0,1755.608674650139
0.0,0.0,0.0,0.0,56.39010546875002
0.0,0.0,0.0,0.0,1755.608674650139
0.0,0.0,0.0,0.0,1237.0541064295965
0.0,0.0,0.0,0.0,66.4093515625
0.0,0.0,0.0,0.0,0.0
0.0,0.0,0.0,0.0,0.0
0.0,0.0,0.0,0.0,0.0
0.0,0.0,0.0,0.0,0.0
0.0,0.0,0.0,0.0,0.0
0.0,0.0,0.0,0.0,0.0
0.0,0.0,0.0,0.0,0.0
0.0,0.0,0.0,0.0,0.0
0.0,0.0,0.0,0.0,582.3067310321486
0.0,0.0,0.0,0.0,1102.0973001313896
0.0,0.0,0.0,0.0,916.6649175393978
0.0,0.0,0.0,0.0,44.91257421875
0.0,0.0,0.0,0.0,43.18900781250001
0.0,0.0,0.0,0.0,1145.2759283421983
0.0,0.0,0.0,0.0,1027.1430042927136
0.0,0.0,0.0,0.0,826.2168422219987
0.0,0.0,0.0,0.0,818.1315488991565
0.0,0.0,0.0,0.0,611.0241369446535
0.0,0.0,0.0,0.0,574.4369222740218
0.0,0.0,0.0,0.0,50.56347265625
0.0,0.0,0.0,0.0,54.810031250000016
0.0,0.0,0.0,0.0,62.49797509838285
0.0,0.0,0.0,0.0,81918.75132877898
0.0,0.0,0.0,0.0,0.0
0.0,0.0,0.0,0.0,0.0
0.0,0.0,0.0,0.0,0.0
0.0,0.0,0.0,0.0,0.0
0.0,0.0,0.0,0.0,0.0
0.0,0.0,0.0,0.0,0.0
0.0,0.0,0.0,0.0,0.0
0.0,0.0,0.0,0.0,0.0
0.0,0.0,0.0,0.0,0.0
0.0,0.0,0.0,0.0,0.0
0.0,0.0,0.0,0.0,0.0
0.0,0.0,0.0,0.0,46.988621093750005
0.0,0.0,0.0,0.0,44.60855078125
0.0,0.0,0.0,0.0,42.85949609375
0.0,0.0,0.0,0.0,182.8612389458244
0.0,0.0,0.0,0.0,40.83667578125001
0.0,0.0,0.0,0.0,841.0895005004925
0.0,0.0,0.0,0.0,762.7598524716362
0.0,0.0,0.0,0.0,632.5962472059445
0.0,0.0,0.0,0.0,45.066402343750006
0.0,0.0,0.0,0.0,1502.7408599691978
0.0,0.0,0.0,0.0,53.57918359375002
0.0,0.0,0.0,0.0,57.338765625
0.0,0.0,0.0,0.0,60.673480468750014
0.0,0.0,0.0,0.0,63.27022265625001
0.0,0.0,0.0,0.0,64.97394921875
0.0,0.0,0.0,0.0,0.0
0.0,0.0,0.0,0.0,0.0
0.0,0.0,0.0,0.0,0.0
0.0,0.0,0.0,0.0,64.02859375
0.0,0.0,0.0,0.0,0.0
0.0,0.0,0.0,0.0,0.0
0.0,0.0,0.0,0.0,0.0
0.0,0.0,0.0,0.0,53.04729296875001
0.0,0.0,0.0,0.0,49.146644531250004
0.0,0.0,0.0,0.0,46.44000390625
0.0,0.0,0.0,0.0,44.497230468750004
0.0,0.0,0.0,0.0,43.265406250000005
0.0,0.0,0.0,0.0,42.66681640624999
0.0,0.0,0.0,0.0,1583.4778622248252
0.0,0.0,0.0,0.0,45.02491015625001
0.0,0.0,0.0,0.0,294.02197374959496
0.0,0.0,0.0,0.0,982.1619556264602
0.0,0.0,0.0,0.0,1086.5753226088393
0.0,0.0,0.0,0.0,1755.608674650139
0.0,0.0,0.0,0.0,1570.481302198843
0.0,0.0,0.0,0.0,1755.608674650139
0.0,0.0,0.0,0.0,63.23543359375002
0.0,0.0,0.0,0.0,676.0198973131136
0.0,0.0,0.0,0.0,67.44182031250001
0.0,0.0,0.0,0.0,0.0
0.0,0.0,0.0,0.0,0.0
0.0,0.0,0.0,0.0,67.9402421875
0.0,0.0,0.0,0.0,65.93560156250003
0.0,0.0,0.0,0.0,84.80982277808666
0.0,0.0,0.0,0.0,0.0
0.0,0.0,0.0,0.0,0.0
0.0,0.0,0.0,0.0,0.0
0.0,0.0,0.0,0.0,338.4504193528771
0.0,0.0,0.0,0.0,46.92303125
0.0,0.0,0.0,0.0,44.95275
0.0,0.0,0.0,0.0,1559.1028851466974
0.0,0.0,0.0,0.0,124517.00926135582
0.0,0.0,0.0,0.0,123061.29360544505
0.0,0.0,0.0,0.0,106497.77968030739
0.0,0.0,0.0,0.0,13991.603200379388
0.0,0.0,0.0,0.0,999.8764819959753
0.0,0.0,0.0,0.0,1001.3516521217448
0.0,0.0,0.0,0.0,1755.608674650139
0.0,0.0,0.0,0.0,1755.608674650139
0.0,0.0,0.0,0.0,776.3133131004622
0.0,0.0,0.0,0.0,113.10846571506953
0.0,0.0,0.0,0.0,40.32691813175546
0.0,0.0,0.0,0.0,0.0
0.0,0.0,0.0,0.0,0.0
0.0,0.0,0.0,0.0,0.0
0.0,0.0,0.0,0.0,0.0
0.0,0.0,0.0,0.0,0.0
0.0,0.0,0.0,0.0,0.0
0.0,0.0,0.0,0.0,0.0
0.0,0.0,0.0,0.0,0.0
0.0,0.0,0.0,0.0,123865.70693158761
0.0,0.0,0.0,0.0,372889.52853164217
0.0,0.0,0.0,0.0,408168.67171589925
0.0,0.0,0.0,0.0,476725.29571683827
0.0,0.0,0.0,0.0,508927.4773659197
0.0,0.0,0.0,0.0,467666.0226287997
0.0,0.0,0.0,0.0,311262.23664073745
0.0,0.0,0.0,0.0,92318.1534592291
0.0,0.0,0.0,0.0,0.0
0.0,0.0,0.0,0.0,0.0
0.0,0.0,0.0,0.0,0.0
0.0,0.0,0.0,0.0,102916.19842839104
0.0,0.0,0.0,0.0,146741.24190742522
0.0,0.0,0.0,0.0,0.0
0.0,0.0,0.0,0.0,0.0
0.0,0.0,0.0,0.0,0.0
0.0,0.0,0.0,0.0,0.0
0.0,0.0,0.0,0.0,0.0
0.0,0.0,0.0,0.0,0.0
0.0,0.0,0.0,0.0,0.0
0.0,0.0,0.0,0.0,0.0
0.0,0.0,0.0,0.0,0.0
0.0,0.0,0.0,0.0,0.0
0.0,0.0,0.0,0.0,0.0
0.0,0.0,0.0,0.0,0.0
0.0,0.0,0.0,0.0,0.0
0.0,0.0,0.0,0.0,0.0
0.0,0.0,0.0,0.0,116381.04158717993
0.0,0.0,0.0,0.0,345274.09097609995
0.0,0.0,0.0,0.0,359845.1758132149
0.0,0.0,0.0,0.0,249952.4156397425
0.0,0.0,0.0,0.0,0.0
0.0,0.0,0.0,0.0,0.0
0.0,0.0,0.0,0.0,0.0
0.0,0.0,0.0,0.0,0.0
0.0,0.0,0.0,0.0,422000.55974263605
0.0,0.0,0.0,0.0,750377.4196689046
0.0,0.0,0.0,0.0,508850.0317016046
0.0,0.0,0.0,0.0,2285.418918754565
0.0,0.0,0.0,0.0,0.0
0.0,0.0,0.0,0.0,0.0
0.0,0.0,0.0,0.0,0.0
0.0,0.0,0.0,0.0,0.0
0.0,0.0,0.0,0.0,0.0
0.0,0.0,0.0,0.0,0.0
0.0,0.0,0.0,0.0,0.0
0.0,0.0,0.0,0.0,0.0
0.0,0.0,0.0,0.0,0.0
0.0,0.0,0.0,0.0,0.0
0.0,0.0,0.0,0.0,0.0
0.0,0.0,0.0,0.0,195715.23858186527
0.0,0.0,0.0,0.0,290217.02914643765
0.0,0.0,0.0,0.0,414888.06175413105
0.0,0.0,0.0,0.0,355466.20213428914
0.0,0.0,0.0,0.0,256021.21804721173
0.0,0.0,0.0,0.0,126822.7817329302
0.0,0.0,0.0,0.0,0.0
0.0,0.0,0.0,0.0,0.0
0.0,0.0,0.0,0.0,0.0
0.0,0.0,0.0,0.0,491347.19144149014
0.0,0.0,0.0,0.0,713405.8496029561
0.0,0.0,0.0,0.0,437571.93402420357
0.0,0.0,0.0,0.0,38858.05339179227
0.0,0.0,0.0,0.0,0.0
0.0,0.0,0.0,0.0,0.0
0.0,0.0,0.0,0.0,0.0
0.0,0.0,0.0,0.0,0.0
0.0,0.0,0.0,0.0,0.0
0.0,0.0,0.0,0.0,34493.07297652485
0.0,0.0,0.0,0.0,0.0
0.0,0.0,0.0,0.0,0.0
0.0,0.0,0.0,0.0,0.0
0.0,0.0,0.0,0.0,114472.37150018409
0.0,0.0,0.0,0.0,389068.91127756506
0.0,0.0,0.0,0.0,514332.5858606853
0.0,0.0,0.0,0.0,582789.2689198107
0.0,0.0,0.0,0.0,542193.2599834591
0.0,0.0,0.0,0.0,495299.16688546655
0.0,0.0,0.0,0.0,387114.1543885006
0.0,0.0,0.0,0.0,250594.03429049865
0.0,0.0,0.0,0.0,84655.4933186604
0.0,0.0,0.0,0.0,0.0
0.0,0.0,0.0,0.0,0.0
0.0,0.0,0.0,0.0,0.0
0.0,0.0,0.0,0.0,31253.575509762668
0.0,0.0,0.0,0.0,0.0
0.0,0.0,0.0,0.0,0.0
0.0,0.0,0.0,0.0,0.0
0.0,0.0,0.0,0.0,0.0
0.0,0.0,0.0,0.0,0.0
0.0,0.0,0.0,0.0,0.0
0.0,0.0,0.0,0.0,66218.16203096717
0.0,0.0,0.0,0.0,164766.40723403377
0.0,0.0,0.0,0.0,0.0
0.0,0.0,0.0,0.0,0.0
0.0,0.0,0.0,0.0,0.0
0.0,0.0,0.0,0.0,0.0
0.0,0.0,0.0,0.0,228655.4968110826
0.0,0.0,0.0,0.0,421264.622990522
0.0,0.0,0.0,0.0,414018.969946485
0.0,0.0,0.0,0.0,246850.49226386918
0.0,0.0,0.0,0.0,54862.96366635139
0.0,0.0,0.0,0.0,0.0
0.0,0.0,0.0,0.0,0.0
0.0,0.0,0.0,0.0,0.0
0.0,0.0,0.0,0.0,0.0
0.0,0.0,0.0,0.0,0.0
0.0,0.0,0.0,0.0,0.0
0.0,0.0,0.0,0.0,0.0
0.0,0.0,0.0,0.0,0.0
0.0,0.0,0.0,0.0,0.0
0.0,0.0,0.0,0.0,0.0
0.0,0.0,0.0,0.0,0.0
0.0,0.0,0.0,0.0,105159.08488244587
0.0,0.0,0.0,0.0,0.0
0.0,0.0,0.0,0.0,0.0
0.0,0.0,0.0,0.0,0.0
0.0,0.0,0.0,0.0,0.0
0.0,0.0,0.0,0.0,0.0
0.0,0.0,0.0,0.0,0.0
0.0,0.0,0.0,0.0,393563.93193113495
0.0,0.0,0.0,0.0,485139.95710073964
0.0,0.0,0.0,0.0,671866.3002518535
0.0,0.0,0.0,0.0,398218.07145946764
0.0,0.0,0.0,0.0,187311.82860215384
0.0,0.0,0.0,0.0,0.0
0.0,0.0,0.0,0.0,0.0
0.0,0.0,0.0,0.0,0.0
0.0,0.0,0.0,0.0,0.0
0.0,0.0,0.0,0.0,0.0
0.0,0.0,0.0,0.0,0.0
0.0,0.0,0.0,0.0,0.0
0.0,0.0,0.0,0.0,0.0
0.0,0.0,0.0,0.0,0.0
0.0,0.0,0.0,0.0,0.0
0.0,0.0,0.0,0.0,298910.09870608785
0.0,0.0,0.0,0.0,0.0
0.0,0.0,0.0,0.0,135013.98569487192
0.0,0.0,0.0,0.0,352003.4146193829
0.0,0.0,0.0,0.0,420970.6541656165
0.0,0.0,0.0,0.0,41728.69678579674
0.0,0.0,0.0,0.0,0.0
0.0,0.0,0.0,0.0,0.0
0.0,0.0,0.0,0.0,0.0
0.0,0.0,0.0,0.0,0.0
0.0,0.0,0.0,0.0,216397.96815640834
0.0,0.0,0.0,0.0,249543.5715103819
0.0,0.0,0.0,0.0,268095.5357185701
0.0,0.0,0.0,0.0,617585.9836021571
0.0,0.0,0.0,0.0,768993.8785781226
0.0,0.0,0.0,0.0,380244.89461148373
0.0,0.0,0.0,0.0,142188.42996528765
0.0,0.0,0.0,0.0,0.0
0.0,0.0,0.0,0.0,0.0
0.0,0.0,0.0,0.0,0.0
0.0,0.0,0.0,0.0,0.0
0.0,0.0,0.0,0.0,0.0
0.0,0.0,0.0,0.0,281490.780354293
0.0,0.0,0.0,0.0,479629.9981153458
0.0,0.0,0.0,0.0,332126.7778537809
0.0,0.0,0.0,0.0,46125.14539287577
0.0,0.0,0.0,0.0,583189.1232072655
0.0,0.0,0.0,0.0,128522.80230658689
0.0,0.0,0.0,0.0,456997.76847571594
0.0,0.0,0.0,0.0,75633.475702267
0.0,0.0,0.0,0.0,0.0
0.0,0.0,0.0,0.0,0.0
0.0,0.0,0.0,0.0,0.0
0.0,0.0,0.0,0.0,486425.93219530216
0.0,0.0,0.0,0.0,1.029407912802651e6
0.0,0.0,0.0,0.0,1.2255638374656003e6
0.0,0.0,0.0,0.0,919420.8178269888
0.0,0.0,0.0,0.0,1.0763933089119776e6
0.0,0.0,0.0,0.0,557777.7726956882
0.0,0.0,0.0,0.0,0.0
0.0,0.0,0.0,0.0,0.0
0.0,0.0,0.0,0.0,0.0
0.0,0.0,0.0,0.0,0.0
0.0,0.0,0.0,0.0,0.0
0.0,0.0,0.0,0.0,0.0
0.0,0.0,0.0,0.0,345590.37992653274
0.0,0.0,0.0,0.0,502788.7712748745
0.0,0.0,0.0,0.0,376507.2031278196
0.0,0.0,0.0,0.0,499573.6699124354
0.0,0.0,0.0,0.0,0.0
0.0,0.0,0.0,0.0,106888.77240850205
0.0,0.0,0.0,0.0,959578.8532597012
0.0,0.0,0.0,0.0,1.087929078145325e6
0.0,0.0,0.0,0.0,1.492931121161829e6
0.0,0.0,0.0,0.0,225939.46381436754
0.0,0.0,0.0,0.0,0.0
0.0,0.0,0.0,0.0,0.0
0.0,0.0,0.0,0.0,0.0
0.0,0.0,0.0,0.0,0.0
0.0,0.0,0.0,0.0,0.0
0.0,0.0,0.0,0.0,0.0
0.0,0.0,0.0,0.0,0.0
0.0,0.0,0.0,0.0,0.0
0.0,0.0,0.0,0.0,0.0
0.0,0.0,0.0,0.0,0.0
0.0,0.0,0.0,0.0,0.0
0.0,0.0,0.0,0.0,0.0
0.0,0.0,0.0,0.0,0.0
0.0,0.0,0.0,0.0,116950.24354712525
0.0,0.0,0.0,0.0,454659.8853954484
0.0,0.0,0.0,0.0,536704.7279938137
0.0,0.0,0.0,0.0,218629.14840877222
0.0,0.0,0.0,0.0,0.0
0.0,0.0,0.0,0.0,212690.9510450128
0.0,0.0,0.0,0.0,707461.0086179705
0.0,0.0,0.0,0.0,692097.4671397221
0.0,0.0,0.0,0.0,359146.0383189037
0.0,0.0,0.0,0.0,0.0
0.0,0.0,0.0,0.0,0.0
0.0,0.0,0.0,0.0,0.0
0.0,0.0,0.0,0.0,0.0
0.0,0.0,0.0,0.0,0.0
0.0,0.0,0.0,0.0,0.0
0.0,0.0,0.0,0.0,0.0
0.0,0.0,0.0,0.0,0.0
0.0,0.0,0.0,0.0,0.0
0.0,0.0,0.0,0.0,0.0
0.0,0.0,0.0,0.0,0.0
0.0,0.0,0.0,0.0,0.0
0.0,0.0,0.0,0.0,0.0
0.0,0.0,0.0,0.0,0.0
0.0,0.0,0.0,0.0,0.0
0.0,0.0,0.0,0.0,0.0
0.0,0.0,0.0,0.0,0.0
0.0,0.0,0.0,0.0,0.0
0.0,0.0,0.0,0.0,0.0
0.0,0.0,0.0,0.0,0.0
0.0,0.0,0.0,0.0,28551.884417343324
0.0,0.0,0.0,0.0,92811.35884790991
0.0,0.0,0.0,0.0,405769.9745812373
0.0,0.0,0.0,0.0,1.019458710939023e6
0.0,0.0,0.0,0.0,1.2329747369335736e6
0.0,0.0,0.0,0.0,0.0
0.0,0.0,0.0,0.0,0.0
0.0,0.0,0.0,0.0,0.0
0.0,0.0,0.0,0.0,0.0
0.0,0.0,0.0,0.0,0.0
0.0,0.0,0.0,0.0,0.0
0.0,0.0,0.0,0.0,0.0
0.0,0.0,0.0,0.0,0.0
0.0,0.0,0.0,0.0,0.0
0.0,0.0,0.0,0.0,0.0
0.0,0.0,0.0,0.0,0.0
0.0,0.0,0.0,0.0,0.0
0.0,0.0,0.0,0.0,0.0
0.0,0.0,0.0,0.0,0.0
0.0,0.0,0.0,0.0,99821.39340433695
0.0,0.0,0.0,0.0,267481.7561499087
0.0,0.0,0.0,0.0,185062.2696974461
0.0,0.0,0.0,0.0,0.0
0.0,0.0,0.0,0.0,448307.1939267971
0.0,0.0,0.0,0.0,969579.2039082114
0.0,0.0,0.0,0.0,1.0085868324656397e6
0.0,0.0,0.0,0.0,764907.2883557163
0.0,0.0,0.0,0.0,924918.4799036634
0.0,0.0,0.0,0.0,288495.7862008542
0.0,0.0,0.0,0.0,18170.86324879415
0.0,0.0,0.0,0.0,0.0
0.0,0.0,0.0,0.0,0.0
0.0,0.0,0.0,0.0,0.0
0.0,0.0,0.0,0.0,0.0
0.0,0.0,0.0,0.0,22981.49107907539
0.0,0.0,0.0,0.0,0.0
0.0,0.0,0.0,0.0,0.0
0.0,0.0,0.0,0.0,0.0
0.0,0.0,0.0,0.0,0.0
0.0,0.0,0.0,0.0,0.0
0.0,0.0,0.0,0.0,0.0
0.0,0.0,0.0,0.0,0.0
0.0,0.0,0.0,0.0,0.0
0.0,0.0,0.0,0.0,304646.4320400362
0.0,0.0,0.0,0.0,704720.0100987278
0.0,0.0,0.0,0.0,258451.91277860946
0.0,0.0,0.0,0.0,115272.39934028928
0.0,0.0,0.0,0.0,28609.119785704752
0.0,0.0,0.0,0.0,290343.97234412114
0.0,0.0,0.0,0.0,948552.0071182767
0.0,0.0,0.0,0.0,857953.817131791
0.0,0.0,0.0,0.0,541462.2276986822
0.0,0.0,0.0,0.0,816188.8130662615
0.0,0.0,0.0,0.0,44221.99619573267
0.0,0.0,0.0,0.0,0.0
0.0,0.0,0.0,0.0,0.0
0.0,0.0,0.0,0.0,0.0
0.0,0.0,0.0,0.0,98459.91688259026
0.0,0.0,0.0,0.0,428796.19215955224
0.0,0.0,0.0,0.0,483670.9369110383
0.0,0.0,0.0,0.0,576556.3716389325
0.0,0.0,0.0,0.0,399567.03590510157
0.0,0.0,0.0,0.0,93130.24417792665
0.0,0.0,0.0,0.0,0.0
0.0,0.0,0.0,0.0,0.0
0.0,0.0,0.0,0.0,0.0
0.0,0.0,0.0,0.0,0.0
0.0,0.0,0.0,0.0,0.0
0.0,0.0,0.0,0.0,473733.92939324985
0.0,0.0,0.0,0.0,71618.85147550543
0.0,0.0,0.0,0.0,31199.245387242194
0.0,0.0,0.0,0.0,423003.9550807355
0.0,0.0,0.0,0.0,172416.38757583845
0.0,0.0,0.0,0.0,422708.2323715753
0.0,0.0,0.0,0.0,15610.314964930576
0.0,0.0,0.0,0.0,14994.226353922379
0.0,0.0,0.0,0.0,106833.71278800405
0.0,0.0,0.0,0.0,0.0
0.0,0.0,0.0,0.0,0.0
0.0,0.0,0.0,0.0,0.0
0.0,0.0,0.0,0.0,168111.17044821414
0.0,0.0,0.0,0.0,111619.27601391589
0.0,0.0,0.0,0.0,281287.3525710507
0.0,0.0,0.0,0.0,379614.36847783293
0.0,0.0,0.0,0.0,254953.57637262283
0.0,0.0,0.0,0.0,137567.7287629565
0.0,0.0,0.0,0.0,27570.483662616003
0.0,0.0,0.0,0.0,4882.420330551041
0.0,0.0,0.0,0.0,0.0
0.0,0.0,0.0,0.0,0.0
0.0,0.0,0.0,0.0,0.0
0.0,0.0,0.0,0.0,0.0
0.0,0.0,0.0,0.0,0.0
0.0,0.0,0.0,0.0,121213.44808906828
0.0,0.0,0.0,0.0,164156.4323414261
0.0,0.0,0.0,0.0,88063.12761711722
0.0,0.0,0.0,0.0,69024.2630672485
0.0,0.0,0.0,0.0,50416.66648988457
0.0,0.0,0.0,0.0,257872.62934678668
0.0,0.0,0.0,0.0,0.0
0.0,0.0,0.0,0.0,29318.168269459085
0.0,0.0,0.0,0.0,0.0
0.0,0.0,0.0,0.0,0.0
0.0,0.0,0.0,0.0,0.0
0.0,0.0,0.0,0.0,0.0
0.0,0.0,0.0,0.0,129354.76239118424
0.0,0.0,0.0,0.0,478565.03401868755
0.0,0.0,0.0,0.0,674948.5397833829
0.0,0.0,0.0,0.0,679901.6120921172
0.0,0.0,0.0,0.0,524305.6180893898
0.0,0.0,0.0,0.0,278970.1229424932
0.0,0.0,0.0,0.0,0.0
0.0,0.0,0.0,0.0,0.0
0.0,0.0,0.0,0.0,0.0
0.0,0.0,0.0,0.0,0.0
0.0,0.0,0.0,0.0,0.0
0.0,0.0,0.0,0.0,0.0
0.0,0.0,0.0,0.0,0.0
0.0,0.0,0.0,0.0,0.0
0.0,0.0,0.0,0.0,313711.5160449323
0.0,0.0,0.0,0.0,397528.3001538936
0.0,0.0,0.0,0.0,310868.83360289136
0.0,0.0,0.0,0.0,165072.30434007978
0.0,0.0,0.0,0.0,87631.40047080608
0.0,0.0,0.0,0.0,271140.3988312432
0.0,0.0,0.0,0.0,0.0
0.0,0.0,0.0,0.0,0.0
0.0,0.0,0.0,0.0,0.0
0.0,0.0,0.0,0.0,0.0
0.0,0.0,0.0,0.0,150485.50273703854
0.0,0.0,0.0,0.0,422558.1668273353
0.0,0.0,0.0,0.0,506254.1238571756
0.0,0.0,0.0,0.0,676893.5850235057
0.0,0.0,0.0,0.0,586446.9816692565
0.0,0.0,0.0,0.0,378283.4302165342
0.0,0.0,0.0,0.0,33567.53410173641
0.0,0.0,0.0,0.0,0.0
0.0,0.0,0.0,0.0,0.0
0.0,0.0,0.0,0.0,0.0
0.0,0.0,0.0,0.0,0.0
0.0,0.0,0.0,0.0,0.0
0.0,0.0,0.0,0.0,7291.3775962559275
0.0,0.0,0.0,0.0,0.0
0.0,0.0,0.0,0.0,0.0
0.0,0.0,0.0,0.0,150058.5609160245
0.0,0.0,0.0,0.0,314771.12993502704
0.0,0.0,0.0,0.0,396554.88008745335
0.0,0.0,0.0,0.0,253876.26810636415
0.0,0.0,0.0,0.0,453452.4231474418
0.0,0.0,0.0,0.0,0.0
0.0,0.0,0.0,0.0,0.0
0.0,0.0,0.0,0.0,0.0
0.0,0.0,0.0,0.0,12385.171518406822
0.0,0.0,0.0,0.0,310086.13678238133
0.0,0.0,0.0,0.0,428335.24663709546
0.0,0.0,0.0,0.0,378134.6643410394
0.0,0.0,0.0,0.0,306809.2790527729
0.0,0.0,0.0,0.0,230956.22606050206
0.0,0.0,0.0,0.0,72437.73486620608
0.0,0.0,0.0,0.0,0.0
0.0,0.0,0.0,0.0,0.0
0.0,0.0,0.0,0.0,0.0
0.0,0.0,0.0,0.0,0.0
0.0,0.0,0.0,0.0,0.0
0.0,0.0,0.0,0.0,0.0
0.0,0.0,0.0,0.0,47491.13392763458
0.0,0.0,0.0,0.0,217404.24391282024
0.0,0.0,0.0,0.0,219665.42046283517
0.0,0.0,0.0,0.0,197623.3061214987
0.0,0.0,0.0,0.0,195917.0788279294
0.0,0.0,0.0,0.0,393382.74980058376
0.0,0.0,0.0,0.0,367788.5445266815
0.0,0.0,0.0,0.0,195445.94422656548
0.0,0.0,0.0,0.0,0.0
0.0,0.0,0.0,0.0,0.0
0.0,0.0,0.0,0.0,0.0
0.0,0.0,0.0,0.0,0.0
0.0,0.0,0.0,0.0,132206.3641466915
0.0,0.0,0.0,0.0,155220.13683378318
0.0,0.0,0.0,0.0,130737.63217284178
0.0,0.0,0.0,0.0,18537.71084011175
0.0,0.0,0.0,0.0,0.0
0.0,0.0,0.0,0.0,0.0
0.0,0.0,0.0,0.0,0.0
0.0,0.0,0.0,0.0,0.0
0.0,0.0,0.0,0.0,0.0
0.0,0.0,0.0,0.0,0.0
0.0,0.0,0.0,0.0,0.0
0.0,0.0,0.0,0.0,0.0
0.0,0.0,0.0,0.0,0.0
0.0,0.0,0.0,0.0,214835.0916438619
0.0,0.0,0.0,0.0,381233.8113965382
0.0,0.0,0.0,0.0,65637.22900557585
0.0,0.0,0.0,0.0,117407.9260461336
0.0,0.0,0.0,0.0,35171.51532410952
0.0,0.0,0.0,0.0,0.0
0.0,0.0,0.0,0.0,0.0
0.0,0.0,0.0,0.0,0.0
0.0,0.0,0.0,0.0,0.0
0.0,0.0,0.0,0.0,0.0
0.0,0.0,0.0,0.0,0.0
0.0,0.0,0.0,0.0,0.0
0.0,0.0,0.0,0.0,0.0
0.0,0.0,0.0,0.0,0.0
0.0,0.0,0.0,0.0,0.0
0.0,0.0,0.0,0.0,24493.801976142193
0.0,0.0,0.0,0.0,0.0
0.0,0.0,0.0,0.0,0.0
0.0,0.0,0.0,0.0,0.0
0.0,0.0,0.0,0.0,0.0
0.0,0.0,0.0,0.0,0.0
0.0,0.0,0.0,0.0,29824.028916379688
0.0,0.0,0.0,0.0,440331.8764573998
0.0,0.0,0.0,0.0,459660.7763725815
0.0,0.0,0.0,0.0,742080.9187719487
0.0,0.0,0.0,0.0,383628.62276426493
0.0,0.0,0.0,0.0,150719.94368094977
0.0,0.0,0.0,0.0,341200.3278177031
0.0,0.0,0.0,0.0,564713.8768585284
0.0,0.0,0.0,0.0,653238.1600293764
0.0,0.0,0.0,0.0,635878.872830319
0.0,0.0,0.0,0.0,0.0
0.0,0.0,0.0,0.0,0.0
0.0,0.0,0.0,0.0,0.0
0.0,0.0,0.0,0.0,0.0
0.0,0.0,0.0,0.0,0.0
0.0,0.0,0.0,0.0,0.0
0.0,0.0,0.0,0.0,0.0
0.0,0.0,0.0,0.0,0.0
0.0,0.0,0.0,0.0,0.0
0.0,0.0,0.0,0.0,0.0
0.0,0.0,0.0,0.0,0.0
0.0,0.0,0.0,0.0,0.0
0.0,0.0,0.0,0.0,0.0
0.0,0.0,0.0,0.0,0.0
0.0,0.0,0.0,0.0,0.0
0.0,0.0,0.0,0.0,458918.8002673176
0.0,0.0,0.0,0.0,710450.0899614736
0.0,0.0,0.0,0.0,275708.02876130864
0.0,0.0,0.0,0.0,8897.875755958798
0.0,0.0,0.0,0.0,263399.4833955516
0.0,0.0,0.0,0.0,417618.92885917635
0.0,0.0,0.0,0.0,0.0
0.0,0.0,0.0,0.0,38092.2539924275
0.0,0.0,0.0,0.0,125620.80035050052
0.0,0.0,0.0,0.0,0.0
0.0,0.0,0.0,0.0,0.0
0.0,0.0,0.0,0.0,0.0
0.0,0.0,0.0,0.0,0.0
0.0,0.0,0.0,0.0,0.0
0.0,0.0,0.0,0.0,0.0
0.0,0.0,0.0,0.0,65982.76566198695
0.0,0.0,0.0,0.0,179621.271823015
0.0,0.0,0.0,0.0,191262.7138598986
0.0,0.0,0.0,0.0,110280.26720297526
0.0,0.0,0.0,0.0,0.0
0.0,0.0,0.0,0.0,0.0
0.0,0.0,0.0,0.0,0.0
0.0,0.0,0.0,0.0,0.0
0.0,0.0,0.0,0.0,12381.83009858705
0.0,0.0,0.0,0.0,7559.182285401747
0.0,0.0,0.0,0.0,39536.15538393281
0.0,0.0,0.0,0.0,0.0
0.0,0.0,0.0,0.0,207652.98978418173
0.0,0.0,0.0,0.0,190754.85524022765
0.0,0.0,0.0,0.0,172294.63211431084
0.0,0.0,0.0,0.0,0.0
0.0,0.0,0.0,0.0,0.0
0.0,0.0,0.0,0.0,236422.84018545086
0.0,0.0,0.0,0.0,0.0
0.0,0.0,0.0,0.0,0.0
0.0,0.0,0.0,0.0,0.0
0.0,0.0,0.0,0.0,0.0
0.0,0.0,0.0,0.0,0.0
0.0,0.0,0.0,0.0,102068.67380503468
0.0,0.0,0.0,0.0,254865.06378232237
0.0,0.0,0.0,0.0,341676.3230061456
0.0,0.0,0.0,0.0,363535.22167878615
0.0,0.0,0.0,0.0,172922.6767891198
0.0,0.0,0.0,0.0,0.0
0.0,0.0,0.0,0.0,0.0
0.0,0.0,0.0,0.0,0.0
0.0,0.0,0.0,0.0,0.0
0.0,0.0,0.0,0.0,208818.99289798792
0.0,0.0,0.0,0.0,595618.2635866856
0.0,0.0,0.0,0.0,807863.8226991883
0.0,0.0,0.0,0.0,207639.15400891923
0.0,0.0,0.0,0.0,344.17434658072966
0.0,0.0,0.0,0.0,0.0
0.0,0.0,0.0,0.0,283.56174445975137
0.0,0.0,0.0,0.0,64.51814453125
0.0,0.0,0.0,0.0,307.9592275702217
0.0,0.0,0.0,0.0,61.22878125
0.0,0.0,0.0,0.0,0.0
0.0,0.0,0.0,0.0,0.0
0.0,0.0,0.0,0.0,0.0
0.0,0.0,0.0,0.0,81.25618132483154
0.0,0.0,0.0,0.0,45.59298046875
0.0,0.0,0.0,0.0,50.6064458980444
0.0,0.0,0.0,0.0,40.75243359374999
0.0,0.0,0.0,0.0,502586.77633087203
0.0,0.0,0.0,0.0,468702.4205457155
0.0,0.0,0.0,0.0,365934.21592572914
0.0,0.0,0.0,0.0,201723.63197703462
0.0,0.0,0.0,0.0,21768.282756118995
0.0,0.0,0.0,0.0,0.0
0.0,0.0,0.0,0.0,0.0
0.0,0.0,0.0,0.0,309535.3245551229
0.0,0.0,0.0,0.0,647793.5259788677
0.0,0.0,0.0,0.0,732803.1481593184
0.0,0.0,0.0,0.0,554424.780287607
0.0,0.0,0.0,0.0,656688.8052077988
0.0,0.0,0.0,0.0,388175.87124521605
0.0,0.0,0.0,0.0,361439.1642263398
0.0,0.0,0.0,0.0,335501.19945638103
0.0,0.0,0.0,0.0,268506.3950016006
0.0,0.0,0.0,0.0,282493.4736088322
0.0,0.0,0.0,0.0,0.0
0.0,0.0,0.0,0.0,0.0
0.0,0.0,0.0,0.0,0.0
0.0,0.0,0.0,0.0,0.0
0.0,0.0,0.0,0.0,24904.555581254765
0.0,0.0,0.0,0.0,11591.050600232911
0.0,0.0,0.0,0.0,0.0
0.0,0.0,0.0,0.0,0.0
0.0,0.0,0.0,0.0,0.0
0.0,0.0,0.0,0.0,0.0
0.0,0.0,0.0,0.0,0.0
0.0,0.0,0.0,0.0,0.0
0.0,0.0,0.0,0.0,0.0
0.0,0.0,0.0,0.0,0.0
0.0,0.0,0.0,0.0,0.0
0.0,0.0,0.0,0.0,0.0
0.0,0.0,0.0,0.0,0.0
0.0,0.0,0.0,0.0,18947.364530647927
0.0,0.0,0.0,0.0,225831.33516023806
0.0,0.0,0.0,0.0,0.0
0.0,0.0,0.0,0.0,53980.82760782206
0.0,0.0,0.0,0.0,0.0
0.0,0.0,0.0,0.0,0.0
0.0,0.0,0.0,0.0,68796.06255740816
0.0,0.0,0.0,0.0,99242.3450899371
0.0,0.0,0.0,0.0,0.0
0.0,0.0,0.0,0.0,62250.5332745505
0.0,0.0,0.0,0.0,257976.0403352983
0.0,0.0,0.0,0.0,312496.74974140653
0.0,0.0,0.0,0.0,367011.2213361868
0.0,0.0,0.0,0.0,356995.6290874809
0.0,0.0,0.0,0.0,145936.7851619244
0.0,0.0,0.0,0.0,148417.2814322503
0.0,0.0,0.0,0.0,193582.5673307638
0.0,0.0,0.0,0.0,211881.71623966427
0.0,0.0,0.0,0.0,183253.7718549406
0.0,0.0,0.0,0.0,21616.211607925376
0.0,0.0,0.0,0.0,0.0
0.0,0.0,0.0,0.0,59567.614118521305
0.0,0.0,0.0,0.0,0.0
0.0,0.0,0.0,0.0,0.0
0.0,0.0,0.0,0.0,303719.7325859252
0.0,0.0,0.0,0.0,235230.68929052647
0.0,0.0,0.0,0.0,148739.3766830799
0.0,0.0,0.0,0.0,0.0
0.0,0.0,0.0,0.0,0.0
0.0,0.0,0.0,0.0,0.0
0.0,0.0,0.0,0.0,14825.541194056725
0.0,0.0,0.0,0.0,0.0
0.0,0.0,0.0,0.0,0.0
0.0,0.0,0.0,0.0,0.0
0.0,0.0,0.0,0.0,0.0
0.0,0.0,0.0,0.0,0.0
0.0,0.0,0.0,0.0,0.0
0.0,0.0,0.0,0.0,0.0
0.0,0.0,0.0,0.0,0.0
0.0,0.0,0.0,0.0,0.0
0.0,0.0,0.0,0.0,0.0
0.0,0.0,0.0,0.0,0.0
0.0,0.0,0.0,0.0,0.0
0.0,0.0,0.0,0.0,0.0
0.0,0.0,0.0,0.0,0.0
0.0,0.0,0.0,0.0,137104.45379586722
0.0,0.0,0.0,0.0,744037.4025328701
0.0,0.0,0.0,0.0,654024.2197717217
0.0,0.0,0.0,0.0,963062.2222379874
0.0,0.0,0.0,0.0,802946.2723766869
0.0,0.0,0.0,0.0,629158.8020091151
0.0,0.0,0.0,0.0,563552.7087702897
0.0,0.0,0.0,0.0,458714.24929344485
0.0,0.0,0.0,0.0,474748.04880843346
0.0,0.0,0.0,0.0,290495.1144427692
0.0,0.0,0.0,0.0,0.0
0.0,0.0,0.0,0.0,0.0
0.0,0.0,0.0,0.0,0.0
0.0,0.0,0.0,0.0,0.0
0.0,0.0,0.0,0.0,0.0
0.0,0.0,0.0,0.0,0.0
0.0,0.0,0.0,0.0,0.0
0.0,0.0,0.0,0.0,0.0
0.0,0.0,0.0,0.0,0.0
0.0,0.0,0.0,0.0,0.0
0.0,0.0,0.0,0.0,0.0
0.0,0.0,0.0,0.0,0.0
0.0,0.0,0.0,0.0,0.0
0.0,0.0,0.0,0.0,0.0
0.0,0.0,0.0,0.0,0.0
0.0,0.0,0.0,0.0,199918.5820286402
0.0,0.0,0.0,0.0,322688.81083662366
0.0,0.0,0.0,0.0,144299.59812938134
0.0,0.0,0.0,0.0,0.0
0.0,0.0,0.0,0.0,0.0
0.0,0.0,0.0,0.0,0.0
0.0,0.0,0.0,0.0,0.0
0.0,0.0,0.0,0.0,19419.30744674747
0.0,0.0,0.0,0.0,192505.03834863048
0.0,0.0,0.0,0.0,0.0
0.0,0.0,0.0,0.0,0.0
0.0,0.0,0.0,0.0,0.0
0.0,0.0,0.0,0.0,0.0
0.0,0.0,0.0,0.0,152.418007270663
0.0,0.0,0.0,0.0,791.232449616907
0.0,0.0,0.0,0.0,1114.3260274576207
0.0,0.0,0.0,0.0,705650.1884137752
0.0,0.0,0.0,0.0,719454.1893760925
0.0,0.0,0.0,0.0,666520.2357671305
0.0,0.0,0.0,0.0,471454.1176166517
0.0,0.0,0.0,0.0,221755.73957091014
0.0,0.0,0.0,0.0,75937.99599525117
0.0,0.0,0.0,0.0,31202.27058498999
0.0,0.0,0.0,0.0,705267.3542731573
0.0,0.0,0.0,0.0,827720.3541149627
0.0,0.0,0.0,0.0,322465.88855856465
0.0,0.0,0.0,0.0,164295.7017782496
0.0,0.0,0.0,0.0,266022.68990861124
0.0,0.0,0.0,0.0,38555.43574085354
0.0,0.0,0.0,0.0,0.0
0.0,0.0,0.0,0.0,275160.92558469594
0.0,0.0,0.0,0.0,268422.5828767771
0.0,0.0,0.0,0.0,0.0
0.0,0.0,0.0,0.0,0.0
0.0,0.0,0.0,0.0,0.0
0.0,0.0,0.0,0.0,0.0
0.0,0.0,0.0,0.0,0.0
0.0,0.0,0.0,0.0,234289.55725247477
0.0,0.0,0.0,0.0,374284.2720367558
0.0,0.0,0.0,0.0,233890.37382400903
0.0,0.0,0.0,0.0,60945.02252167352
0.0,0.0,0.0,0.0,29651.815292231095
0.0,0.0,0.0,0.0,93421.72731924987
0.0,0.0,0.0,0.0,232993.52406976026
0.0,0.0,0.0,0.0,61795.25883674327
0.0,0.0,0.0,0.0,0.0
0.0,0.0,0.0,0.0,0.0
0.0,0.0,0.0,0.0,472924.24387745257
0.0,0.0,0.0,0.0,567388.0573629028
0.0,0.0,0.0,0.0,573434.8600697827
0.0,0.0,0.0,0.0,459038.23005596147
0.0,0.0,0.0,0.0,70575.97452973897
0.0,0.0,0.0,0.0,0.0
0.0,0.0,0.0,0.0,0.0
0.0,0.0,0.0,0.0,0.0
0.0,0.0,0.0,0.0,126011.6241076164
0.0,0.0,0.0,0.0,0.0
0.0,0.0,0.0,0.0,0.0
0.0,0.0,0.0,0.0,0.0
0.0,0.0,0.0,0.0,0.0
0.0,0.0,0.0,0.0,0.0
0.0,0.0,0.0,0.0,0.0
0.0,0.0,0.0,0.0,0.0
0.0,0.0,0.0,0.0,0.0
0.0,0.0,0.0,0.0,0.0
0.0,0.0,0.0,0.0,0.0
0.0,0.0,0.0,0.0,0.0
0.0,0.0,0.0,0.0,0.0
0.0,0.0,0.0,0.0,0.0
0.0,0.0,0.0,0.0,0.0
0.0,0.0,0.0,0.0,0.0
0.0,0.0,0.0,0.0,0.0
0.0,0.0,0.0,0.0,0.0
0.0,0.0,0.0,0.0,0.0
0.0,0.0,0.0,0.0,0.0
0.0,0.0,0.0,0.0,0.0
0.0,0.0,0.0,0.0,314291.657966361
0.0,0.0,0.0,0.0,96074.98319186752
0.0,0.0,0.0,0.0,51869.89908767656
0.0,0.0,0.0,0.0,13444.60595149683
0.0,0.0,0.0,0.0,0.0
0.0,0.0,0.0,0.0,0.0
0.0,0.0,0.0,0.0,0.0
0.0,0.0,0.0,0.0,0.0
0.0,0.0,0.0,0.0,0.0
0.0,0.0,0.0,0.0,393.1929125856539
0.0,0.0,0.0,0.0,33.29526171875
0.0,0.0,0.0,0.0,653.4000859591722
0.0,0.0,0.0,0.0,644823.4986991147
0.0,0.0,0.0,0.0,596365.1834984436
0.0,0.0,0.0,0.0,460548.439157083
0.0,0.0,0.0,0.0,222080.06212684803
0.0,0.0,0.0,0.0,7766.763807132778
0.0,0.0,0.0,0.0,0.0
0.0,0.0,0.0,0.0,0.0
0.0,0.0,0.0,0.0,193762.49956124127
0.0,0.0,0.0,0.0,495764.36800907744
0.0,0.0,0.0,0.0,255464.3650188964
0.0,0.0,0.0,0.0,141250.5446488404
0.0,0.0,0.0,0.0,27403.011261973377
0.0,0.0,0.0,0.0,23569.64205081165
0.0,0.0,0.0,0.0,109988.59981174587
0.0,0.0,0.0,0.0,13884.143894701172
0.0,0.0,0.0,0.0,0.0
0.0,0.0,0.0,0.0,135905.16513874708
0.0,0.0,0.0,0.0,0.0
0.0,0.0,0.0,0.0,0.0
0.0,0.0,0.0,0.0,10460.980584670857
0.0,0.0,0.0,0.0,220607.48843191878
0.0,0.0,0.0,0.0,262463.16893066006
0.0,0.0,0.0,0.0,259949.73336731852
0.0,0.0,0.0,0.0,170359.51788630296
0.0,0.0,0.0,0.0,0.0
0.0,0.0,0.0,0.0,0.0
0.0,0.0,0.0,0.0,0.0
0.0,0.0,0.0,0.0,0.0
0.0,0.0,0.0,0.0,0.0
0.0,0.0,0.0,0.0,0.0
0.0,0.0,0.0,0.0,0.0
0.0,0.0,0.0,0.0,0.0
0.0,0.0,0.0,0.0,0.0
0.0,0.0,0.0,0.0,0.0
0.0,0.0,0.0,0.0,0.0
0.0,0.0,0.0,0.0,0.0
0.0,0.0,0.0,0.0,78062.39725691221
0.0,0.0,0.0,0.0,232859.74598699415
0.0,0.0,0.0,0.0,365620.55088815046
0.0,0.0,0.0,0.0,227774.96134501873
0.0,0.0,0.0,0.0,190628.31516570481
0.0,0.0,0.0,0.0,0.0
0.0,0.0,0.0,0.0,0.0
0.0,0.0,0.0,0.0,0.0
0.0,0.0,0.0,0.0,278325.2052892775
0.0,0.0,0.0,0.0,544200.7337168567
0.0,0.0,0.0,0.0,652325.9456358092
0.0,0.0,0.0,0.0,652641.6547456498
0.0,0.0,0.0,0.0,662588.1069312515
0.0,0.0,0.0,0.0,601395.4755664379
0.0,0.0,0.0,0.0,492443.7504796263
0.0,0.0,0.0,0.0,377930.13711049815
0.0,0.0,0.0,0.0,265997.7575908364
0.0,0.0,0.0,0.0,195513.50371236674
0.0,0.0,0.0,0.0,28311.196130097513
0.0,0.0,0.0,0.0,442202.4718112281
0.0,0.0,0.0,0.0,197127.3709130426
0.0,0.0,0.0,0.0,634452.4581607876
0.0,0.0,0.0,0.0,78811.39214316136
0.0,0.0,0.0,0.0,0.0
0.0,0.0,0.0,0.0,0.0
0.0,0.0,0.0,0.0,0.0
0.0,0.0,0.0,0.0,0.0
0.0,0.0,0.0,0.0,0.0
0.0,0.0,0.0,0.0,0.0
0.0,0.0,0.0,0.0,0.0
0.0,0.0,0.0,0.0,0.0
0.0,0.0,0.0,0.0,0.0
0.0,0.0,0.0,0.0,281440.39087454026
0.0,0.0,0.0,0.0,478154.72661869595
0.0,0.0,0.0,0.0,564823.5627642409
0.0,0.0,0.0,0.0,571165.5299202009
0.0,0.0,0.0,0.0,543771.3003638479
0.0,0.0,0.0,0.0,432382.11779488146
0.0,0.0,0.0,0.0,215252.20646121455
0.0,0.0,0.0,0.0,0.0
0.0,0.0,0.0,0.0,0.0
0.0,0.0,0.0,0.0,0.0
0.0,0.0,0.0,0.0,0.0
0.0,0.0,0.0,0.0,0.0
0.0,0.0,0.0,0.0,0.0
0.0,0.0,0.0,0.0,0.0
0.0,0.0,0.0,0.0,0.0
0.0,0.0,0.0,0.0,0.0
0.0,0.0,0.0,0.0,0.0
0.0,0.0,0.0,0.0,249592.86142705035
0.0,0.0,0.0,0.0,202570.84674229426
0.0,0.0,0.0,0.0,117996.4750378593
0.0,0.0,0.0,0.0,94520.63460426262
0.0,0.0,0.0,0.0,0.0
0.0,0.0,0.0,0.0,0.0
0.0,0.0,0.0,0.0,0.0
0.0,0.0,0.0,0.0,0.0
0.0,0.0,0.0,0.0,164417.8918513146
0.0,0.0,0.0,0.0,274194.39849310607
0.0,0.0,0.0,0.0,306121.90587649355
0.0,0.0,0.0,0.0,269587.95709684276
0.0,0.0,0.0,0.0,209178.36766779356
0.0,0.0,0.0,0.0,40602.05052093529
0.0,0.0,0.0,0.0,0.0
0.0,0.0,0.0,0.0,0.0
0.0,0.0,0.0,0.0,0.0
0.0,0.0,0.0,0.0,0.0
0.0,0.0,0.0,0.0,98963.3325242856
0.0,0.0,0.0,0.0,489445.8194789593
0.0,0.0,0.0,0.0,260079.69763846867
0.0,0.0,0.0,0.0,122.39992733775368
0.0,0.0,0.0,0.0,123.38026422080155
0.0,0.0,0.0,0.0,270.95442749388786
0.0,0.0,0.0,0.0,56.537582031250004
0.0,0.0,0.0,0.0,297.809896912006
0.0,0.0,0.0,0.0,55.396484375
0.0,0.0,0.0,0.0,53.72546875
0.0,0.0,0.0,0.0,0.0
0.0,0.0,0.0,0.0,0.0
0.0,0.0,0.0,0.0,0.0
0.0,0.0,0.0,0.0,44.98853125000001
0.0,0.0,0.0,0.0,41.531832031250005
0.0,0.0,0.0,0.0,39.08993359375
0.0,0.0,0.0,0.0,37.532425781250005
0.0,0.0,0.0,0.0,1755.608674650139
0.0,0.0,0.0,0.0,36.369675781249995
0.0,0.0,0.0,0.0,37.10982421875
0.0,0.0,0.0,0.0,1443.6527313495994
0.0,0.0,0.0,0.0,42.3559921875
0.0,0.0,0.0,0.0,979.440768480248
0.0,0.0,0.0,0.0,979.0821389275317
0.0,0.0,0.0,0.0,1755.608674650139
0.0,0.0,0.0,0.0,49.71039062500001
0.0,0.0,0.0,0.0,52.56448828125
0.0,0.0,0.0,0.0,1755.608674650139
0.0,0.0,0.0,0.0,57.74663671875002
0.0,0.0,0.0,0.0,1755.608674650139
0.0,0.0,0.0,0.0,1629.9036952067825
0.0,0.0,0.0,0.0,60.16106640625001
0.0,0.0,0.0,0.0,188.70022055868256
0.0,0.0,0.0,0.0,56.542769531250016
0.0,0.0,0.0,0.0,0.0
0.0,0.0,0.0,0.0,0.0
0.0,0.0,0.0,0.0,0.0
0.0,0.0,0.0,0.0,46.50244921875001
0.0,0.0,0.0,0.0,588.948827752575
0.0,0.0,0.0,0.0,40.301300781250006
0.0,0.0,0.0,0.0,990.2450301461564
0.0,0.0,0.0,0.0,37.3915078125
0.0,0.0,0.0,0.0,36.76829296875
0.0,0.0,0.0,0.0,755.8427345291564
0.0,0.0,0.0,0.0,39.625972656250006
0.0,0.0,0.0,0.0,0.0
0.0,0.0,0.0,0.0,0.0
0.0,0.0,0.0,0.0,0.0
0.0,0.0,0.0,0.0,131358.4882400855
0.0,0.0,0.0,0.0,258980.75808382843
0.0,0.0,0.0,0.0,116832.09041781549
0.0,0.0,0.0,0.0,13.997420149806857
0.0,0.0,0.0,0.0,0.0
0.0,0.0,0.0,0.0,0.0
0.0,0.0,0.0,0.0,0.0
0.0,0.0,0.0,0.0,0.0
0.0,0.0,0.0,0.0,0.0
0.0,0.0,0.0,0.0,0.0
0.0,0.0,0.0,0.0,0.0
0.0,0.0,0.0,0.0,0.0
0.0,0.0,0.0,0.0,0.0
0.0,0.0,0.0,0.0,0.0
0.0,0.0,0.0,0.0,0.0
0.0,0.0,0.0,0.0,0.0
0.0,0.0,0.0,0.0,0.0
0.0,0.0,0.0,0.0,1480.4473894608905
0.0,0.0,0.0,0.0,1430.4121417976455
0.0,0.0,0.0,0.0,37.45065234375001
0.0,0.0,0.0,0.0,940.115731636206
0.0,0.0,0.0,0.0,42.486910156250005
0.0,0.0,0.0,0.0,42.78768359375001
0.0,0.0,0.0,0.0,44.61844921875
0.0,0.0,0.0,0.0,47.621578125000006
0.0,0.0,0.0,0.0,1755.608674650139
0.0,0.0,0.0,0.0,53.476734375
0.0,0.0,0.0,0.0,56.16226171875001
0.0,0.0,0.0,0.0,1582.4363471283434
0.0,0.0,0.0,0.0,59.75510546875
0.0,0.0,0.0,0.0,60.39699609375
0.0,0.0,0.0,0.0,60.10640625
0.0,0.0,0.0,0.0,1755.608674650139
0.0,0.0,0.0,0.0,55.64498828125002
0.0,0.0,0.0,0.0,98.54578811859795
0.0,0.0,0.0,0.0,0.0
0.0,0.0,0.0,0.0,49.81028125000001
0.0,0.0,0.0,0.0,761.886823962982
0.0,0.0,0.0,0.0,43.39317968750001
0.0,0.0,0.0,0.0,1275.6767154911659
0.0,0.0,0.0,0.0,1438.2519500477779
0.0,0.0,0.0,0.0,37.76444921875
0.0,0.0,0.0,0.0,1168.5427659237755
0.0,0.0,0.0,0.0,535.6785478515931
0.0,0.0,0.0,0.0,37.2951875
0.0,0.0,0.0,0.0,38.11065625
0.0,0.0,0.0,0.0,606.1181747904983
0.0,0.0,0.0,0.0,94.23636114114984
0.0,0.0,0.0,0.0,44.696167968750004
0.0,0.0,0.0,0.0,47.91341796874999
0.0,0.0,0.0,0.0,388.99342816072357
0.0,0.0,0.0,0.0,0.0
0.0,0.0,0.0,0.0,0.0
0.0,0.0,0.0,0.0,0.0
0.0,0.0,0.0,0.0,0.0
0.0,0.0,0.0,0.0,0.0
0.0,0.0,0.0,0.0,0.0
0.0,0.0,0.0,0.0,0.0
0.0,0.0,0.0,0.0,0.0
0.0,0.0,0.0,0.0,0.0
0.0,0.0,0.0,0.0,0.0
0.0,0.0,0.0,0.0,0.0
0.0,0.0,0.0,0.0,0.0
0.0,0.0,0.0,0.0,0.0
0.0,0.0,0.0,0.0,0.0
0.0,0.0,0.0,0.0,3495.489052230106
0.0,0.0,0.0,0.0,93.85080139134132
0.0,0.0,0.0,0.0,229.09204210686624
0.0,0.0,0.0,0.0,155.00545376951348
0.0,0.0,0.0,0.0,105.77002851453884
0.0,0.0,0.0,0.0,16.84681699950374
0.0,0.0,0.0,0.0,0.0
0.0,0.0,0.0,0.0,43.526816406250006
0.0,0.0,0.0,0.0,46.719421875
0.0,0.0,0.0,0.0,49.64151953124999
0.0,0.0,0.0,0.0,51.790234375000004
0.0,0.0,0.0,0.0,53.52087109375
0.0,0.0,0.0,0.0,54.293
0.0,0.0,0.0,0.0,54.31615624999999
0.0,0.0,0.0,0.0,53.13130078125
0.0,0.0,0.0,0.0,52.035218750000006
0.0,0.0,0.0,0.0,50.683222656250024
0.0,0.0,0.0,0.0,50.132574218750015
0.0,0.0,0.0,0.0,48.56958203125001
0.0,0.0,0.0,0.0,46.54794921875
0.0,0.0,0.0,0.0,43.92386328125001
0.0,0.0,0.0,0.0,41.200691406250016
0.0,0.0,0.0,0.0,38.94757812499999
0.0,0.0,0.0,0.0,37.6286875
0.0,0.0,0.0,0.0,1755.608674650139
0.0,0.0,0.0,0.0,1755.608674650139
0.0,0.0,0.0,0.0,1755.608674650139
0.0,0.0,0.0,0.0,39.52830078125
0.0,0.0,0.0,0.0,1674.8350528789688
0.0,0.0,0.0,0.0,1375.212116339815
0.0,0.0,0.0,0.0,1170.2740184011745
0.0,0.0,0.0,0.0,1755.608674650139
0.0,0.0,0.0,0.0,1755.608674650139
0.0,0.0,0.0,0.0,1495.059197581336
0.0,0.0,0.0,0.0,1755.608674650139
0.0,0.0,0.0,0.0,1755.608674650139
0.0,0.0,0.0,0.0,53.14513671875001
0.0,0.0,0.0,0.0,226.74385429687504
0.0,0.0,0.0,0.0,738.8667003777477
0.0,0.0,0.0,0.0,75.18974400048418
0.0,0.0,0.0,0.0,49.24242578125036
0.0,0.0,0.0,0.0,0.0
0.0,0.0,0.0,0.0,0.0
0.0,0.0,0.0,0.0,0.0
0.0,0.0,0.0,0.0,0.0
0.0,0.0,0.0,0.0,0.0
0.0,0.0,0.0,0.0,22321.321668370598
0.0,0.0,0.0,0.0,924.4764149127902
0.0,0.0,0.0,0.0,0.0
0.0,0.0,0.0,0.0,0.0
0.0,0.0,0.0,0.0,0.0
0.0,0.0,0.0,0.0,0.0
0.0,0.0,0.0,0.0,0.0
0.0,0.0,0.0,0.0,0.0
0.0,0.0,0.0,0.0,0.0
0.0,0.0,0.0,0.0,0.0
0.0,0.0,0.0,0.0,0.0
0.0,0.0,0.0,0.0,0.0
0.0,0.0,0.0,0.0,7070.69582384387
0.0,0.0,0.0,0.0,0.0
0.0,0.0,0.0,0.0,114481.08805235164
0.0,0.0,0.0,0.0,191363.74545409804
0.0,0.0,0.0,0.0,350752.1100034603
0.0,0.0,0.0,0.0,0.0
0.0,0.0,0.0,0.0,0.0
0.0,0.0,0.0,0.0,0.0
0.0,0.0,0.0,0.0,0.0
0.0,0.0,0.0,0.0,0.0
0.0,0.0,0.0,0.0,0.0
0.0,0.0,0.0,0.0,0.0
0.0,0.0,0.0,0.0,74503.95797169677
0.0,0.0,0.0,0.0,45055.69910885538
0.0,0.0,0.0,0.0,0.0
0.0,0.0,0.0,0.0,0.0
0.0,0.0,0.0,0.0,0.0
0.0,0.0,0.0,0.0,0.0
0.0,0.0,0.0,0.0,0.0
0.0,0.0,0.0,0.0,0.0
0.0,0.0,0.0,0.0,0.0
0.0,0.0,0.0,0.0,0.0
0.0,0.0,0.0,0.0,169291.9512933226
0.0,0.0,0.0,0.0,49110.21123682753
0.0,0.0,0.0,0.0,0.0
0.0,0.0,0.0,0.0,88314.93338400462
0.0,0.0,0.0,0.0,162332.17206930535
0.0,0.0,0.0,0.0,188245.75686917137
0.0,0.0,0.0,0.0,246588.74838220087
0.0,0.0,0.0,0.0,285974.98958647094
0.0,0.0,0.0,0.0,9520.14911325627
0.0,0.0,0.0,0.0,0.0
0.0,0.0,0.0,0.0,0.0
0.0,0.0,0.0,0.0,0.0
0.0,0.0,0.0,0.0,0.0
0.0,0.0,0.0,0.0,0.0
0.0,0.0,0.0,0.0,0.0
0.0,0.0,0.0,0.0,30965.654098725317
0.0,0.0,0.0,0.0,72401.26321201731
0.0,0.0,0.0,0.0,24862.757454036248
0.0,0.0,0.0,0.0,9072.062667859178
0.0,0.0,0.0,0.0,0.0
0.0,0.0,0.0,0.0,0.0
0.0,0.0,0.0,0.0,0.0
0.0,0.0,0.0,0.0,0.0
0.0,0.0,0.0,0.0,377662.7304823154
0.0,0.0,0.0,0.0,796651.588369996
0.0,0.0,0.0,0.0,1.0233686551073771e6
0.0,0.0,0.0,0.0,605958.1484546432
0.0,0.0,0.0,0.0,433391.11073181464
0.0,0.0,0.0,0.0,564785.5100584595
0.0,0.0,0.0,0.0,474773.87710955885
0.0,0.0,0.0,0.0,290737.07511750766
0.0,0.0,0.0,0.0,46306.34324388959
0.0,0.0,0.0,0.0,397658.9272220526
0.0,0.0,0.0,0.0,0.0
0.0,0.0,0.0,0.0,0.0
0.0,0.0,0.0,0.0,0.0
0.0,0.0,0.0,0.0,0.0
0.0,0.0,0.0,0.0,239221.90844620107
0.0,0.0,0.0,0.0,360979.5569576933
0.0,0.0,0.0,0.0,435771.19156436884
0.0,0.0,0.0,0.0,429667.52557043784
0.0,0.0,0.0,0.0,329835.4169753078
0.0,0.0,0.0,0.0,203620.54822631463
0.0,0.0,0.0,0.0,19489.758142573854
0.0,0.0,0.0,0.0,0.0
0.0,0.0,0.0,0.0,0.0
0.0,0.0,0.0,0.0,0.0
0.0,0.0,0.0,0.0,277406.52210278454
0.0,0.0,0.0,0.0,576901.1753807602
0.0,0.0,0.0,0.0,372992.0420136825
0.0,0.0,0.0,0.0,121048.33509726044
0.0,0.0,0.0,0.0,124153.22738323029
0.0,0.0,0.0,0.0,255540.80213294044
0.0,0.0,0.0,0.0,110709.52157416883
0.0,0.0,0.0,0.0,2212.0902726321065
0.0,0.0,0.0,0.0,0.0
0.0,0.0,0.0,0.0,6020.310641983912
0.0,0.0,0.0,0.0,0.0
0.0,0.0,0.0,0.0,0.0
0.0,0.0,0.0,0.0,0.0
0.0,0.0,0.0,0.0,0.0
0.0,0.0,0.0,0.0,0.0
0.0,0.0,0.0,0.0,0.0
0.0,0.0,0.0,0.0,0.0
0.0,0.0,0.0,0.0,0.0
0.0,0.0,0.0,0.0,0.0
0.0,0.0,0.0,0.0,0.0
0.0,0.0,0.0,0.0,40164.91802420491
0.0,0.0,0.0,0.0,332545.2873076794
0.0,0.0,0.0,0.0,563422.1093394038
0.0,0.0,0.0,0.0,529901.9807058121
0.0,0.0,0.0,0.0,757864.9921727302
0.0,0.0,0.0,0.0,590103.5811282162
0.0,0.0,0.0,0.0,816047.6739963732
0.0,0.0,0.0,0.0,558600.7862742771
0.0,0.0,0.0,0.0,564035.590727358
0.0,0.0,0.0,0.0,345550.4830696642
0.0,0.0,0.0,0.0,0.0
0.0,0.0,0.0,0.0,0.0
0.0,0.0,0.0,0.0,0.0
0.0,0.0,0.0,0.0,113397.03886902794
0.0,0.0,0.0,0.0,0.0
0.0,0.0,0.0,0.0,0.0
0.0,0.0,0.0,0.0,0.0
0.0,0.0,0.0,0.0,0.0
0.0,0.0,0.0,0.0,0.0
0.0,0.0,0.0,0.0,0.0
0.0,0.0,0.0,0.0,0.0
0.0,0.0,0.0,0.0,0.0
0.0,0.0,0.0,0.0,12807.89777358806
0.0,0.0,0.0,0.0,44912.253799640086
0.0,0.0,0.0,0.0,32026.550095119906
0.0,0.0,0.0,0.0,0.0
0.0,0.0,0.0,0.0,0.0
0.0,0.0,0.0,0.0,0.0
0.0,0.0,0.0,0.0,72.24527889135598
0.0,0.0,0.0,0.0,41.24666796875
0.0,0.0,0.0,0.0,43.72219140625
0.0,0.0,0.0,0.0,46.00262500000001
0.0,0.0,0.0,0.0,48.05919140625
0.0,0.0,0.0,0.0,49.92056640625002
0.0,0.0,0.0,0.0,51.0806875
0.0,0.0,0.0,0.0,51.21777734375001
0.0,0.0,0.0,0.0,50.05988671875
0.0,0.0,0.0,0.0,48.79051953125
0.0,0.0,0.0,0.0,48.35188671875001
0.0,0.0,0.0,0.0,46.498000000000005
0.0,0.0,0.0,0.0,43.80608984375
0.0,0.0,0.0,0.0,40.46585546875
0.0,0.0,0.0,0.0,37.36873828125
0.0,0.0,0.0,0.0,1755.608674650139
0.0,0.0,0.0,0.0,1755.608674650139
0.0,0.0,0.0,0.0,1755.608674650139
0.0,0.0,0.0,0.0,1755.608674650139
0.0,0.0,0.0,0.0,1755.608674650139
0.0,0.0,0.0,0.0,1435.5590577778005
0.0,0.0,0.0,0.0,946.7822810952697
0.0,0.0,0.0,0.0,832.0855731455282
0.0,0.0,0.0,0.0,40.0032421875
0.0,0.0,0.0,0.0,1329.5318245078818
0.0,0.0,0.0,0.0,1160.994772638418
0.0,0.0,0.0,0.0,9332.78649904828
0.0,0.0,0.0,0.0,11878.498099185135
0.0,0.0,0.0,0.0,17750.510349433545
0.0,0.0,0.0,0.0,18022.717313339715
0.0,0.0,0.0,0.0,706.024695595229
0.0,0.0,0.0,0.0,105.43252855803576
0.0,0.0,0.0,0.0,0.0
0.0,0.0,0.0,0.0,0.0
0.0,0.0,0.0,0.0,0.0
0.0,0.0,0.0,0.0,0.0
0.0,0.0,0.0,0.0,0.0
0.0,0.0,0.0,0.0,0.0
0.0,0.0,0.0,0.0,21015.620590933173
0.0,0.0,0.0,0.0,0.0
0.0,0.0,0.0,0.0,0.0
0.0,0.0,0.0,0.0,0.0
0.0,0.0,0.0,0.0,0.0
0.0,0.0,0.0,0.0,0.0
0.0,0.0,0.0,0.0,0.0
0.0,0.0,0.0,0.0,0.0
0.0,0.0,0.0,0.0,0.0
0.0,0.0,0.0,0.0,0.0
0.0,0.0,0.0,0.0,0.0
0.0,0.0,0.0,0.0,0.0
0.0,0.0,0.0,0.0,0.0
0.0,0.0,0.0,0.0,0.0
0.0,0.0,0.0,0.0,0.0
0.0,0.0,0.0,0.0,0.0
0.0,0.0,0.0,0.0,0.0
0.0,0.0,0.0,0.0,0.0
0.0,0.0,0.0,0.0,0.0
0.0,0.0,0.0,0.0,162836.93723996813
0.0,0.0,0.0,0.0,0.0
0.0,0.0,0.0,0.0,0.0
0.0,0.0,0.0,0.0,0.0
0.0,0.0,0.0,0.0,0.0
0.0,0.0,0.0,0.0,0.0
0.0,0.0,0.0,0.0,0.0
0.0,0.0,0.0,0.0,0.0
0.0,0.0,0.0,0.0,0.0
0.0,0.0,0.0,0.0,0.0
0.0,0.0,0.0,0.0,0.0
0.0,0.0,0.0,0.0,0.0
0.0,0.0,0.0,0.0,0.0
0.0,0.0,0.0,0.0,0.0
0.0,0.0,0.0,0.0,0.0
0.0,0.0,0.0,0.0,0.0
0.0,0.0,0.0,0.0,0.0
0.0,0.0,0.0,0.0,0.0
0.0,0.0,0.0,0.0,0.0
0.0,0.0,0.0,0.0,0.0
0.0,0.0,0.0,0.0,0.0
0.0,0.0,0.0,0.0,0.0
0.0,0.0,0.0,0.0,0.0
0.0,0.0,0.0,0.0,0.0
0.0,0.0,0.0,0.0,23362.476664766353
0.0,0.0,0.0,0.0,0.0
0.0,0.0,0.0,0.0,0.0
0.0,0.0,0.0,0.0,0.0
0.0,0.0,0.0,0.0,0.0
0.0,0.0,0.0,0.0,0.0
0.0,0.0,0.0,0.0,0.0
0.0,0.0,0.0,0.0,0.0
0.0,0.0,0.0,0.0,0.0
0.0,0.0,0.0,0.0,0.0
0.0,0.0,0.0,0.0,0.0
0.0,0.0,0.0,0.0,0.0
0.0,0.0,0.0,0.0,0.0
0.0,0.0,0.0,0.0,0.0
0.0,0.0,0.0,0.0,0.0
0.0,0.0,0.0,0.0,0.0
0.0,0.0,0.0,0.0,0.0
0.0,0.0,0.0,0.0,0.0
0.0,0.0,0.0,0.0,0.0
0.0,0.0,0.0,0.0,0.0
0.0,0.0,0.0,0.0,0.0
0.0,0.0,0.0,0.0,25803.826269145316
0.0,0.0,0.0,0.0,0.0
0.0,0.0,0.0,0.0,0.0
0.0,0.0,0.0,0.0,115457.07621360508
0.0,0.0,0.0,0.0,0.0
0.0,0.0,0.0,0.0,0.0
0.0,0.0,0.0,0.0,0.0
0.0,0.0,0.0,0.0,0.0
0.0,0.0,0.0,0.0,0.0
0.0,0.0,0.0,0.0,0.0
0.0,0.0,0.0,0.0,0.0
0.0,0.0,0.0,0.0,71903.86307263105
0.0,0.0,0.0,0.0,87973.01869270406
0.0,0.0,0.0,0.0,14147.012026060993
0.0,0.0,0.0,0.0,0.0
0.0,0.0,0.0,0.0,0.0
0.0,0.0,0.0,0.0,0.0
0.0,0.0,0.0,0.0,0.0
0.0,0.0,0.0,0.0,0.0
0.0,0.0,0.0,0.0,0.0
0.0,0.0,0.0,0.0,0.0
0.0,0.0,0.0,0.0,0.0
0.0,0.0,0.0,0.0,169403.22534143474
0.0,0.0,0.0,0.0,221579.7990775069
0.0,0.0,0.0,0.0,10326.028417555148
0.0,0.0,0.0,0.0,229595.50658737443
0.0,0.0,0.0,0.0,92174.63957594341
0.0,0.0,0.0,0.0,0.0
0.0,0.0,0.0,0.0,0.0
0.0,0.0,0.0,0.0,0.0
0.0,0.0,0.0,0.0,0.0
0.0,0.0,0.0,0.0,0.0
0.0,0.0,0.0,0.0,0.0
0.0,0.0,0.0,0.0,0.0
0.0,0.0,0.0,0.0,0.0
0.0,0.0,0.0,0.0,0.0
0.0,0.0,0.0,0.0,0.0
0.0,0.0,0.0,0.0,0.0
0.0,0.0,0.0,0.0,0.0
0.0,0.0,0.0,0.0,141521.76625951676
0.0,0.0,0.0,0.0,129368.13702779374
0.0,0.0,0.0,0.0,95173.58454840058
0.0,0.0,0.0,0.0,94570.8267289514
0.0,0.0,0.0,0.0,0.0
0.0,0.0,0.0,0.0,11320.596410274067
0.0,0.0,0.0,0.0,0.0
0.0,0.0,0.0,0.0,0.0
0.0,0.0,0.0,0.0,0.0
0.0,0.0,0.0,0.0,14167.055146434948
0.0,0.0,0.0,0.0,0.0
0.0,0.0,0.0,0.0,183592.95351562454
0.0,0.0,0.0,0.0,125486.51614877346
0.0,0.0,0.0,0.0,0.0
0.0,0.0,0.0,0.0,0.0
0.0,0.0,0.0,0.0,0.0
0.0,0.0,0.0,0.0,6565.905125208276
0.0,0.0,0.0,0.0,106127.14630764334
0.0,0.0,0.0,0.0,133925.84051710466
0.0,0.0,0.0,0.0,116562.42879707091
0.0,0.0,0.0,0.0,21068.002450928216
0.0,0.0,0.0,0.0,0.0
0.0,0.0,0.0,0.0,0.0
0.0,0.0,0.0,0.0,0.0
0.0,0.0,0.0,0.0,0.0
0.0,0.0,0.0,0.0,0.0
0.0,0.0,0.0,0.0,0.0
0.0,0.0,0.0,0.0,312015.83019367117
0.0,0.0,0.0,0.0,1755.608674650139
0.0,0.0,0.0,0.0,1755.608674650139
0.0,0.0,0.0,0.0,1755.608674650139
0.0,0.0,0.0,0.0,1755.608674650139
0.0,0.0,0.0,0.0,878248.3540378382
0.0,0.0,0.0,0.0,885841.5039089641
0.0,0.0,0.0,0.0,551471.0817179864
0.0,0.0,0.0,0.0,290852.6111274693
0.0,0.0,0.0,0.0,0.0
0.0,0.0,0.0,0.0,0.0
0.0,0.0,0.0,0.0,0.0
0.0,0.0,0.0,0.0,0.0
0.0,0.0,0.0,0.0,0.0
0.0,0.0,0.0,0.0,0.0
0.0,0.0,0.0,0.0,176056.9663957626
0.0,0.0,0.0,0.0,402612.76167209493
0.0,0.0,0.0,0.0,482228.0510493205
0.0,0.0,0.0,0.0,348002.48463879694
0.0,0.0,0.0,0.0,200541.70578640752
0.0,0.0,0.0,0.0,17199.648774116882
0.0,0.0,0.0,0.0,0.0
0.0,0.0,0.0,0.0,0.0
0.0,0.0,0.0,0.0,0.0
0.0,0.0,0.0,0.0,0.0
0.0,0.0,0.0,0.0,0.0
0.0,0.0,0.0,0.0,0.0
0.0,0.0,0.0,0.0,1770.8545119525688
0.0,0.0,0.0,0.0,140919.40897141956
0.0,0.0,0.0,0.0,61772.898321651235
0.0,0.0,0.0,0.0,78285.31275730178
0.0,0.0,0.0,0.0,61459.33285796378
0.0,0.0,0.0,0.0,0.0
0.0,0.0,0.0,0.0,0.0
0.0,0.0,0.0,0.0,0.0
0.0,0.0,0.0,0.0,0.0
0.0,0.0,0.0,0.0,0.0
0.0,0.0,0.0,0.0,28951.6190056925
0.0,0.0,0.0,0.0,96130.26662529749
0.0,0.0,0.0,0.0,47626.95834940115
0.0,0.0,0.0,0.0,0.0
0.0,0.0,0.0,0.0,0.0
0.0,0.0,0.0,0.0,0.0
0.0,0.0,0.0,0.0,0.0
0.0,0.0,0.0,0.0,0.0
0.0,0.0,0.0,0.0,0.0
0.0,0.0,0.0,0.0,0.0
0.0,0.0,0.0,0.0,0.0
0.0,0.0,0.0,0.0,0.0
0.0,0.0,0.0,0.0,0.0
0.0,0.0,0.0,0.0,0.0
0.0,0.0,0.0,0.0,0.0
0.0,0.0,0.0,0.0,0.0
0.0,0.0,0.0,0.0,329835.77484905557
0.0,0.0,0.0,0.0,415221.75639058964
0.0,0.0,0.0,0.0,364363.52766311145
0.0,0.0,0.0,0.0,114342.33338723642
0.0,0.0,0.0,0.0,0.0
0.0,0.0,0.0,0.0,0.0
0.0,0.0,0.0,0.0,0.0
0.0,0.0,0.0,0.0,20591.75264934342
0.0,0.0,0.0,0.0,367938.857113745
0.0,0.0,0.0,0.0,637640.6736825942
0.0,0.0,0.0,0.0,795126.7938277033
0.0,0.0,0.0,0.0,881179.6190251191
0.0,0.0,0.0,0.0,858329.8324054778
0.0,0.0,0.0,0.0,674810.1972819567
0.0,0.0,0.0,0.0,417759.45620279014
0.0,0.0,0.0,0.0,101508.511800469
0.0,0.0,0.0,0.0,0.0
0.0,0.0,0.0,0.0,0.0
0.0,0.0,0.0,0.0,0.0
0.0,0.0,0.0,0.0,0.0
0.0,0.0,0.0,0.0,0.0
0.0,0.0,0.0,0.0,26219.127135403123
0.0,0.0,0.0,0.0,0.0
0.0,0.0,0.0,0.0,0.0
0.0,0.0,0.0,0.0,0.0
0.0,0.0,0.0,0.0,0.0
0.0,0.0,0.0,0.0,0.0
0.0,0.0,0.0,0.0,0.0
0.0,0.0,0.0,0.0,0.0
0.0,0.0,0.0,0.0,0.0
0.0,0.0,0.0,0.0,0.0
0.0,0.0,0.0,0.0,0.0
0.0,0.0,0.0,0.0,0.0
0.0,0.0,0.0,0.0,0.0
0.0,0.0,0.0,0.0,0.0
0.0,0.0,0.0,0.0,0.0
0.0,0.0,0.0,0.0,0.0
0.0,0.0,0.0,0.0,0.0
0.0,0.0,0.0,0.0,0.0
0.0,0.0,0.0,0.0,0.0
0.0,0.0,0.0,0.0,0.0
0.0,0.0,0.0,0.0,0.0
0.0,0.0,0.0,0.0,0.0
0.0,0.0,0.0,0.0,0.0
0.0,0.0,0.0,0.0,110267.81144121324
0.0,0.0,0.0,0.0,102306.5047087748
0.0,0.0,0.0,0.0,373736.11451811943
0.0,0.0,0.0,0.0,814416.6812938788
0.0,0.0,0.0,0.0,666955.7652611496
0.0,0.0,0.0,0.0,1.0892190234683775e6
0.0,0.0,0.0,0.0,1.236796114821819e6
0.0,0.0,0.0,0.0,752442.5438827587
0.0,0.0,0.0,0.0,459258.03032110474
0.0,0.0,0.0,0.0,0.0
0.0,0.0,0.0,0.0,0.0
0.0,0.0,0.0,0.0,0.0
0.0,0.0,0.0,0.0,0.0
0.0,0.0,0.0,0.0,0.0
0.0,0.0,0.0,0.0,0.0
0.0,0.0,0.0,0.0,0.0
0.0,0.0,0.0,0.0,0.0
0.0,0.0,0.0,0.0,0.0
0.0,0.0,0.0,0.0,0.0
0.0,0.0,0.0,0.0,0.0
0.0,0.0,0.0,0.0,0.0
0.0,0.0,0.0,0.0,0.0
0.0,0.0,0.0,0.0,0.0
0.0,0.0,0.0,0.0,0.0
0.0,0.0,0.0,0.0,356312.6882594489
0.0,0.0,0.0,0.0,745740.2475210858
0.0,0.0,0.0,0.0,675897.0524396739
0.0,0.0,0.0,0.0,622564.0501675474
0.0,0.0,0.0,0.0,635109.8722938518
0.0,0.0,0.0,0.0,616652.0100080367
0.0,0.0,0.0,0.0,614543.5517546505
0.0,0.0,0.0,0.0,582591.2893326251
0.0,0.0,0.0,0.0,0.0
0.0,0.0,0.0,0.0,0.0
0.0,0.0,0.0,0.0,0.0
0.0,0.0,0.0,0.0,0.0
0.0,0.0,0.0,0.0,0.0
0.0,0.0,0.0,0.0,0.0
0.0,0.0,0.0,0.0,0.0
0.0,0.0,0.0,0.0,0.0
0.0,0.0,0.0,0.0,0.0
0.0,0.0,0.0,0.0,65816.77880835049
0.0,0.0,0.0,0.0,114987.70635220785
0.0,0.0,0.0,0.0,0.0
0.0,0.0,0.0,0.0,0.0
0.0,0.0,0.0,0.0,0.0
0.0,0.0,0.0,0.0,0.0
0.0,0.0,0.0,0.0,0.0
0.0,0.0,0.0,0.0,703106.3455992588
0.0,0.0,0.0,0.0,647958.7258178772
0.0,0.0,0.0,0.0,477415.60857887205
0.0,0.0,0.0,0.0,312409.8412652581
0.0,0.0,0.0,0.0,206630.84411312954
0.0,0.0,0.0,0.0,201078.3815108812
0.0,0.0,0.0,0.0,245050.81191865238
0.0,0.0,0.0,0.0,226478.72437613277
0.0,0.0,0.0,0.0,0.0
0.0,0.0,0.0,0.0,0.0
0.0,0.0,0.0,0.0,0.0
0.0,0.0,0.0,0.0,0.0
0.0,0.0,0.0,0.0,0.0
0.0,0.0,0.0,0.0,14967.158487099383
0.0,0.0,0.0,0.0,247086.24355088375
0.0,0.0,0.0,0.0,439653.0401461099
0.0,0.0,0.0,0.0,602008.5633178491
0.0,0.0,0.0,0.0,628774.4364447641
0.0,0.0,0.0,0.0,556110.158557819
0.0,0.0,0.0,0.0,438023.8000771633
0.0,0.0,0.0,0.0,287191.20010993525
0.0,0.0,0.0,0.0,163275.3842446985
0.0,0.0,0.0,0.0,0.0
0.0,0.0,0.0,0.0,427794.1377358519
0.0,0.0,0.0,0.0,1755.608674650139
0.0,0.0,0.0,0.0,1755.608674650139
0.0,0.0,0.0,0.0,598452.7936797449
0.0,0.0,0.0,0.0,324966.62647588487
0.0,0.0,0.0,0.0,144804.8285843457
0.0,0.0,0.0,0.0,76916.9850292098
0.0,0.0,0.0,0.0,81466.98681263407
0.0,0.0,0.0,0.0,28277.74088516161
0.0,0.0,0.0,0.0,0.0
0.0,0.0,0.0,0.0,0.0
0.0,0.0,0.0,0.0,0.0
0.0,0.0,0.0,0.0,0.0
0.0,0.0,0.0,0.0,0.0
0.0,0.0,0.0,0.0,0.0
0.0,0.0,0.0,0.0,0.0
0.0,0.0,0.0,0.0,0.0
0.0,0.0,0.0,0.0,0.0
0.0,0.0,0.0,0.0,12820.532000727759
0.0,0.0,0.0,0.0,17717.5211425717
0.0,0.0,0.0,0.0,0.0
0.0,0.0,0.0,0.0,0.0
0.0,0.0,0.0,0.0,0.0
0.0,0.0,0.0,0.0,0.0
0.0,0.0,0.0,0.0,37.643917968749996
0.0,0.0,0.0,0.0,39.31573046875
0.0,0.0,0.0,0.0,41.00439453125
0.0,0.0,0.0,0.0,42.608421875
0.0,0.0,0.0,0.0,44.22625000000001
0.0,0.0,0.0,0.0,45.42802734375
0.0,0.0,0.0,0.0,46.30655078125002
0.0,0.0,0.0,0.0,46.60007812500001
0.0,0.0,0.0,0.0,45.62341796874999
0.0,0.0,0.0,0.0,44.85340625
0.0,0.0,0.0,0.0,375.77026159160243
0.0,0.0,0.0,0.0,43.093269531250016
0.0,0.0,0.0,0.0,1728.8131921421113
0.0,0.0,0.0,0.0,37.47860546875
0.0,0.0,0.0,0.0,179.40427843734264
0.0,0.0,0.0,0.0,32.4716015625
0.0,0.0,0.0,0.0,31.2146640625
0.0,0.0,0.0,0.0,1755.608674650139
0.0,0.0,0.0,0.0,1755.608674650139
0.0,0.0,0.0,0.0,1755.608674650139
0.0,0.0,0.0,0.0,1755.608674650139
0.0,0.0,0.0,0.0,1755.608674650139
0.0,0.0,0.0,0.0,37.39056640625001
0.0,0.0,0.0,0.0,1666.5761038402054
0.0,0.0,0.0,0.0,1755.608674650139
0.0,0.0,0.0,0.0,1755.608674650139
0.0,0.0,0.0,0.0,1445.517757252707
0.0,0.0,0.0,0.0,1700.0278846986705
0.0,0.0,0.0,0.0,44.718734375000004
0.0,0.0,0.0,0.0,45.55530859375
0.0,0.0,0.0,0.0,217.39012982538955
0.0,0.0,0.0,0.0,46.24170312499969
0.0,0.0,0.0,0.0,0.0
0.0,0.0,0.0,0.0,0.0
0.0,0.0,0.0,0.0,0.0
0.0,0.0,0.0,0.0,0.0
0.0,0.0,0.0,0.0,0.0
0.0,0.0,0.0,0.0,0.0
0.0,0.0,0.0,0.0,0.0
0.0,0.0,0.0,0.0,0.0
0.0,0.0,0.0,0.0,0.0
0.0,0.0,0.0,0.0,0.0
0.0,0.0,0.0,0.0,0.0
0.0,0.0,0.0,0.0,0.0
0.0,0.0,0.0,0.0,0.0
0.0,0.0,0.0,0.0,0.0
0.0,0.0,0.0,0.0,0.0
0.0,0.0,0.0,0.0,0.0
0.0,0.0,0.0,0.0,0.0
0.0,0.0,0.0,0.0,0.0
0.0,0.0,0.0,0.0,0.0
0.0,0.0,0.0,0.0,0.0
0.0,0.0,0.0,0.0,0.0
0.0,0.0,0.0,0.0,111391.35752513866
0.0,0.0,0.0,0.0,0.0
0.0,0.0,0.0,0.0,103501.14905880662
0.0,0.0,0.0,0.0,93495.55325295583
0.0,0.0,0.0,0.0,19459.21296889062
0.0,0.0,0.0,0.0,0.0
0.0,0.0,0.0,0.0,10708.971045121236
0.0,0.0,0.0,0.0,0.0
0.0,0.0,0.0,0.0,59832.88786500462
0.0,0.0,0.0,0.0,31573.995679895197
0.0,0.0,0.0,0.0,0.0
0.0,0.0,0.0,0.0,0.0
0.0,0.0,0.0,0.0,0.0
0.0,0.0,0.0,0.0,0.0
0.0,0.0,0.0,0.0,0.0
0.0,0.0,0.0,0.0,66664.49829443308
0.0,0.0,0.0,0.0,0.0
0.0,0.0,0.0,0.0,0.0
0.0,0.0,0.0,0.0,0.0
0.0,0.0,0.0,0.0,0.0
0.0,0.0,0.0,0.0,341581.1208799758
0.0,0.0,0.0,0.0,409620.2194600411
0.0,0.0,0.0,0.0,287312.17854277015
0.0,0.0,0.0,0.0,51585.89856836628
0.0,0.0,0.0,0.0,389982.1701956704
0.0,0.0,0.0,0.0,520850.8732407148
0.0,0.0,0.0,0.0,574281.0538195212
0.0,0.0,0.0,0.0,557857.1722620351
0.0,0.0,0.0,0.0,0.0
0.0,0.0,0.0,0.0,0.0
0.0,0.0,0.0,0.0,0.0
0.0,0.0,0.0,0.0,0.0
0.0,0.0,0.0,0.0,0.0
0.0,0.0,0.0,0.0,0.0
0.0,0.0,0.0,0.0,0.0
0.0,0.0,0.0,0.0,0.0
0.0,0.0,0.0,0.0,0.0
0.0,0.0,0.0,0.0,0.0
0.0,0.0,0.0,0.0,0.0
0.0,0.0,0.0,0.0,0.0
0.0,0.0,0.0,0.0,0.0
0.0,0.0,0.0,0.0,627.4158527216814
0.0,0.0,0.0,0.0,7723.923188661783
0.0,0.0,0.0,0.0,824.0277923093811
0.0,0.0,0.0,0.0,36.38835546875
0.0,0.0,0.0,0.0,1526.2972052653317
0.0,0.0,0.0,0.0,89.82442918572573
0.0,0.0,0.0,0.0,35.92690625000001
0.0,0.0,0.0,0.0,1455.920783165621
0.0,0.0,0.0,0.0,36.27440625
0.0,0.0,0.0,0.0,36.39050390625001
0.0,0.0,0.0,0.0,36.05361328125
0.0,0.0,0.0,0.0,36.20325390625
0.0,0.0,0.0,0.0,0.0
0.0,0.0,0.0,0.0,0.0
0.0,0.0,0.0,0.0,0.0
0.0,0.0,0.0,0.0,32.683271484375
0.0,0.0,0.0,0.0,30.991404296875
0.0,0.0,0.0,0.0,29.624625000000005
0.0,0.0,0.0,0.0,28.867373046874995
0.0,0.0,0.0,0.0,28.477052734375004
0.0,0.0,0.0,0.0,1755.608674650139
0.0,0.0,0.0,0.0,28.819662109375006
0.0,0.0,0.0,0.0,29.824361328125
0.0,0.0,0.0,0.0,1755.608674650139
0.0,0.0,0.0,0.0,1755.608674650139
0.0,0.0,0.0,0.0,1755.608674650139
0.0,0.0,0.0,0.0,426.37676361051416
0.0,0.0,0.0,0.0,34.902957031250004
0.0,0.0,0.0,0.0,35.053980468750005
0.0,0.0,0.0,0.0,1755.608674650139
0.0,0.0,0.0,0.0,1755.608674650139
0.0,0.0,0.0,0.0,35.293128906250004
0.0,0.0,0.0,0.0,1755.608674650139
0.0,0.0,0.0,0.0,1755.608674650139
0.0,0.0,0.0,0.0,35.610675781250016
0.0,0.0,0.0,0.0,1332.5481470252694
0.0,0.0,0.0,0.0,471.7457571407152
0.0,0.0,0.0,0.0,741.8432395829514
0.0,0.0,0.0,0.0,34.781238281250005
0.0,0.0,0.0,0.0,854.8732307989866
0.0,0.0,0.0,0.0,600.1107272499158
0.0,0.0,0.0,0.0,29.87860351562499
0.0,0.0,0.0,0.0,0.0
0.0,0.0,0.0,0.0,0.0
0.0,0.0,0.0,0.0,0.0
0.0,0.0,0.0,0.0,0.0
0.0,0.0,0.0,0.0,0.0
0.0,0.0,0.0,0.0,0.0
0.0,0.0,0.0,0.0,0.0
0.0,0.0,0.0,0.0,0.0
0.0,0.0,0.0,0.0,0.0
0.0,0.0,0.0,0.0,0.0
0.0,0.0,0.0,0.0,0.0
0.0,0.0,0.0,0.0,0.0
0.0,0.0,0.0,0.0,0.0
0.0,0.0,0.0,0.0,35.34830859375
0.0,0.0,0.0,0.0,991.7295227402589
0.0,0.0,0.0,0.0,35.7394765625
0.0,0.0,0.0,0.0,1520.718251783696
0.0,0.0,0.0,0.0,37.24155078125
0.0,0.0,0.0,0.0,0.0
0.0,0.0,0.0,0.0,0.0
0.0,0.0,0.0,0.0,836.414373218807
0.0,0.0,0.0,0.0,1680.2937608653017
0.0,0.0,0.0,0.0,1755.608674650139
0.0,0.0,0.0,0.0,1755.608674650139
0.0,0.0,0.0,0.0,1633.6988098521638
0.0,0.0,0.0,0.0,1755.608674650139
0.0,0.0,0.0,0.0,1755.608674650139
0.0,0.0,0.0,0.0,1755.608674650139
0.0,0.0,0.0,0.0,1755.608674650139
0.0,0.0,0.0,0.0,1755.608674650139
0.0,0.0,0.0,0.0,36.08547265625
0.0,0.0,0.0,0.0,36.543582031250004
0.0,0.0,0.0,0.0,546.4485343959362
0.0,0.0,0.0,0.0,207.90746774379357
0.0,0.0,0.0,0.0,39.49346875000134
0.0,0.0,0.0,0.0,38.37711740139716
0.0,0.0,0.0,0.0,45.617273268287406
0.0,0.0,0.0,0.0,0.0
0.0,0.0,0.0,0.0,0.0
0.0,0.0,0.0,0.0,41215.15178376763
0.0,0.0,0.0,0.0,45100.7538065132
0.0,0.0,0.0,0.0,0.0
0.0,0.0,0.0,0.0,0.0
0.0,0.0,0.0,0.0,0.0
0.0,0.0,0.0,0.0,0.0
0.0,0.0,0.0,0.0,0.0
0.0,0.0,0.0,0.0,0.0
0.0,0.0,0.0,0.0,0.0
0.0,0.0,0.0,0.0,0.0
0.0,0.0,0.0,0.0,139370.47062122222
0.0,0.0,0.0,0.0,232985.912950754
0.0,0.0,0.0,0.0,190263.15358282463
0.0,0.0,0.0,0.0,16582.238053900255
0.0,0.0,0.0,0.0,0.0
0.0,0.0,0.0,0.0,0.0
0.0,0.0,0.0,0.0,0.0
0.0,0.0,0.0,0.0,0.0
0.0,0.0,0.0,0.0,439335.7388142594
0.0,0.0,0.0,0.0,441989.43100870145
0.0,0.0,0.0,0.0,164766.32576593957
0.0,0.0,0.0,0.0,0.0
0.0,0.0,0.0,0.0,0.0
0.0,0.0,0.0,0.0,0.0
0.0,0.0,0.0,0.0,28186.047280246334
0.0,0.0,0.0,0.0,53814.531758046025
0.0,0.0,0.0,0.0,0.0
0.0,0.0,0.0,0.0,0.0
0.0,0.0,0.0,0.0,0.0
0.0,0.0,0.0,0.0,0.0
0.0,0.0,0.0,0.0,0.0
0.0,0.0,0.0,0.0,0.0
0.0,0.0,0.0,0.0,0.0
0.0,0.0,0.0,0.0,0.0
0.0,0.0,0.0,0.0,72871.48243559388
0.0,0.0,0.0,0.0,130948.6115879424
0.0,0.0,0.0,0.0,17791.04902435026
0.0,0.0,0.0,0.0,0.0
0.0,0.0,0.0,0.0,0.0
0.0,0.0,0.0,0.0,0.0
0.0,0.0,0.0,0.0,0.0
0.0,0.0,0.0,0.0,20679.646283081845
0.0,0.0,0.0,0.0,313526.69990361435
0.0,0.0,0.0,0.0,113842.20392482648
0.0,0.0,0.0,0.0,293.4512458183689
0.0,0.0,0.0,0.0,0.0
0.0,0.0,0.0,0.0,0.0
0.0,0.0,0.0,0.0,0.0
0.0,0.0,0.0,0.0,0.0
0.0,0.0,0.0,0.0,222387.67776043777
0.0,0.0,0.0,0.0,77415.9138844085
0.0,0.0,0.0,0.0,0.0
0.0,0.0,0.0,0.0,0.0
0.0,0.0,0.0,0.0,0.0
0.0,0.0,0.0,0.0,0.0
0.0,0.0,0.0,0.0,0.0
0.0,0.0,0.0,0.0,5941.479426445016
0.0,0.0,0.0,0.0,0.0
0.0,0.0,0.0,0.0,0.0
0.0,0.0,0.0,0.0,0.0
0.0,0.0,0.0,0.0,0.0
0.0,0.0,0.0,0.0,0.0
0.0,0.0,0.0,0.0,0.0
0.0,0.0,0.0,0.0,0.0
0.0,0.0,0.0,0.0,0.0
0.0,0.0,0.0,0.0,0.0
0.0,0.0,0.0,0.0,0.0
0.0,0.0,0.0,0.0,0.0
0.0,0.0,0.0,0.0,0.0
0.0,0.0,0.0,0.0,0.0
0.0,0.0,0.0,0.0,0.0
0.0,0.0,0.0,0.0,0.0
0.0,0.0,0.0,0.0,0.0
0.0,0.0,0.0,0.0,0.0
0.0,0.0,0.0,0.0,180667.48451747952
0.0,0.0,0.0,0.0,0.0
0.0,0.0,0.0,0.0,0.0
0.0,0.0,0.0,0.0,0.0
0.0,0.0,0.0,0.0,0.0
0.0,0.0,0.0,0.0,0.0
0.0,0.0,0.0,0.0,88341.388001995
0.0,0.0,0.0,0.0,159181.46058381346
0.0,0.0,0.0,0.0,92847.46359202427
0.0,0.0,0.0,0.0,63188.16680337301
0.0,0.0,0.0,0.0,102396.20209699431
0.0,0.0,0.0,0.0,128008.70742291353
0.0,0.0,0.0,0.0,0.0
0.0,0.0,0.0,0.0,0.0
0.0,0.0,0.0,0.0,0.0
0.0,0.0,0.0,0.0,0.0
0.0,0.0,0.0,0.0,0.0
0.0,0.0,0.0,0.0,0.0
0.0,0.0,0.0,0.0,192372.58235307466
0.0,0.0,0.0,0.0,697237.3706115868
0.0,0.0,0.0,0.0,1755.608674650139
0.0,0.0,0.0,0.0,1755.608674650139
0.0,0.0,0.0,0.0,1755.608674650139
0.0,0.0,0.0,0.0,859530.8120661045
0.0,0.0,0.0,0.0,72981.22433109579
0.0,0.0,0.0,0.0,0.0
0.0,0.0,0.0,0.0,0.0
0.0,0.0,0.0,0.0,0.0
0.0,0.0,0.0,0.0,0.0
0.0,0.0,0.0,0.0,0.0
0.0,0.0,0.0,0.0,0.0
0.0,0.0,0.0,0.0,0.0
0.0,0.0,0.0,0.0,0.0
0.0,0.0,0.0,0.0,0.0
0.0,0.0,0.0,0.0,0.0
0.0,0.0,0.0,0.0,0.0
0.0,0.0,0.0,0.0,0.0
0.0,0.0,0.0,0.0,0.0
0.0,0.0,0.0,0.0,0.0
0.0,0.0,0.0,0.0,465.3662254919972
0.0,0.0,0.0,0.0,1278.9740131062847
0.0,0.0,0.0,0.0,39.326144531249994
0.0,0.0,0.0,0.0,1755.608674650139
0.0,0.0,0.0,0.0,1755.608674650139
0.0,0.0,0.0,0.0,1506.7106105224811
0.0,0.0,0.0,0.0,1755.608674650139
0.0,0.0,0.0,0.0,1658.111981656214
0.0,0.0,0.0,0.0,36.66449609375
0.0,0.0,0.0,0.0,1503.7960477424551
0.0,0.0,0.0,0.0,656.2387124860223
0.0,0.0,0.0,0.0,613.3027615823474
0.0,0.0,0.0,0.0,38.31104296875001
0.0,0.0,0.0,0.0,1056.0008384418693
0.0,0.0,0.0,0.0,35.787238281250005
0.0,0.0,0.0,0.0,781.9183529802392
0.0,0.0,0.0,0.0,1574.9268791940174
0.0,0.0,0.0,0.0,1433.2092138173969
0.0,0.0,0.0,0.0,1229.2691415246773
0.0,0.0,0.0,0.0,341.48433049020855
0.0,0.0,0.0,0.0,684.7063184540644
0.0,0.0,0.0,0.0,32.89719921875001
0.0,0.0,0.0,0.0,189.90186665889723
0.0,0.0,0.0,0.0,3.4449797256172454
0.0,0.0,0.0,0.0,0.0
0.0,0.0,0.0,0.0,37.118136718749994
0.0,0.0,0.0,0.0,31.742228520745805
0.0,0.0,0.0,0.0,36.568628906249
0.0,0.0,0.0,0.0,0.0
0.0,0.0,0.0,0.0,0.0
0.0,0.0,0.0,0.0,0.0
0.0,0.0,0.0,0.0,0.0
0.0,0.0,0.0,0.0,0.0
0.0,0.0,0.0,0.0,0.0
0.0,0.0,0.0,0.0,0.0
0.0,0.0,0.0,0.0,0.0
0.0,0.0,0.0,0.0,0.0
0.0,0.0,0.0,0.0,0.0
0.0,0.0,0.0,0.0,0.0
0.0,0.0,0.0,0.0,0.0
0.0,0.0,0.0,0.0,0.0
0.0,0.0,0.0,0.0,0.0
0.0,0.0,0.0,0.0,0.0
0.0,0.0,0.0,0.0,28054.642964911232
0.0,0.0,0.0,0.0,526.2913696163281
0.0,0.0,0.0,0.0,867.7794510560503
0.0,0.0,0.0,0.0,795.4624892187127
0.0,0.0,0.0,0.0,998.1629639047896
0.0,0.0,0.0,0.0,1443.4640411367347
0.0,0.0,0.0,0.0,1577.242145998762
0.0,0.0,0.0,0.0,1564.828263848071
0.0,0.0,0.0,0.0,1755.608674650139
0.0,0.0,0.0,0.0,1755.608674650139
0.0,0.0,0.0,0.0,1405.5487683802828
0.0,0.0,0.0,0.0,1755.608674650139
0.0,0.0,0.0,0.0,1755.608674650139
0.0,0.0,0.0,0.0,888851.2837164208
0.0,0.0,0.0,0.0,514975.30936546164
0.0,0.0,0.0,0.0,254940.30901148057
0.0,0.0,0.0,0.0,141381.0842995844
0.0,0.0,0.0,0.0,49819.65466559926
0.0,0.0,0.0,0.0,122134.91811951679
0.0,0.0,0.0,0.0,102266.59017086668
0.0,0.0,0.0,0.0,22915.483195605477
0.0,0.0,0.0,0.0,0.0
0.0,0.0,0.0,0.0,0.0
0.0,0.0,0.0,0.0,0.0
0.0,0.0,0.0,0.0,0.0
0.0,0.0,0.0,0.0,0.0
0.0,0.0,0.0,0.0,0.0
0.0,0.0,0.0,0.0,0.0
0.0,0.0,0.0,0.0,0.0
0.0,0.0,0.0,0.0,0.0
0.0,0.0,0.0,0.0,0.0
0.0,0.0,0.0,0.0,139256.37243540547
0.0,0.0,0.0,0.0,688713.5679107109
0.0,0.0,0.0,0.0,457646.53879183537
0.0,0.0,0.0,0.0,1.0205393256911832e6
0.0,0.0,0.0,0.0,1.052677329875904e6
0.0,0.0,0.0,0.0,883624.3417732416
0.0,0.0,0.0,0.0,495289.04819373053
0.0,0.0,0.0,0.0,74293.35722905949
0.0,0.0,0.0,0.0,0.0
0.0,0.0,0.0,0.0,0.0
0.0,0.0,0.0,0.0,0.0
0.0,0.0,0.0,0.0,0.0
0.0,0.0,0.0,0.0,0.0
0.0,0.0,0.0,0.0,0.0
0.0,0.0,0.0,0.0,0.0
0.0,0.0,0.0,0.0,0.0
0.0,0.0,0.0,0.0,0.0
0.0,0.0,0.0,0.0,0.0
0.0,0.0,0.0,0.0,0.0
0.0,0.0,0.0,0.0,0.0
0.0,0.0,0.0,0.0,0.0
0.0,0.0,0.0,0.0,0.0
0.0,0.0,0.0,0.0,0.0
0.0,0.0,0.0,0.0,927570.5974198915
0.0,0.0,0.0,0.0,1.236796114821819e6
0.0,0.0,0.0,0.0,1.236796114821819e6
0.0,0.0,0.0,0.0,1.236796114821819e6
0.0,0.0,0.0,0.0,1.1551326476720402e6
0.0,0.0,0.0,0.0,1.236796114821819e6
0.0,0.0,0.0,0.0,1755.608674650139
0.0,0.0,0.0,0.0,1.236796114821819e6
0.0,0.0,0.0,0.0,635223.6324066516
0.0,0.0,0.0,0.0,0.0
0.0,0.0,0.0,0.0,0.0
0.0,0.0,0.0,0.0,0.0
0.0,0.0,0.0,0.0,0.0
0.0,0.0,0.0,0.0,0.0
0.0,0.0,0.0,0.0,0.0
0.0,0.0,0.0,0.0,0.0
0.0,0.0,0.0,0.0,0.0
0.0,0.0,0.0,0.0,0.0
0.0,0.0,0.0,0.0,94819.67273648528
0.0,0.0,0.0,0.0,88469.89693827386
0.0,0.0,0.0,0.0,0.0
0.0,0.0,0.0,0.0,0.0
0.0,0.0,0.0,0.0,0.0
0.0,0.0,0.0,0.0,0.0
0.0,0.0,0.0,0.0,810591.0853046471
0.0,0.0,0.0,0.0,86396.27556798005
0.0,0.0,0.0,0.0,595246.0344813868
0.0,0.0,0.0,0.0,503429.35434979975
0.0,0.0,0.0,0.0,474058.15838764247
0.0,0.0,0.0,0.0,445044.62968018174
0.0,0.0,0.0,0.0,428869.330264412
0.0,0.0,0.0,0.0,124774.40465426858
0.0,0.0,0.0,0.0,0.0
0.0,0.0,0.0,0.0,0.0
0.0,0.0,0.0,0.0,0.0
0.0,0.0,0.0,0.0,0.0
0.0,0.0,0.0,0.0,0.0
0.0,0.0,0.0,0.0,0.0
0.0,0.0,0.0,0.0,277196.63408882497
0.0,0.0,0.0,0.0,477970.03935298783
0.0,0.0,0.0,0.0,491652.17014036566
0.0,0.0,0.0,0.0,383887.69148230285
0.0,0.0,0.0,0.0,161423.56333455455
0.0,0.0,0.0,0.0,0.0
0.0,0.0,0.0,0.0,0.0
0.0,0.0,0.0,0.0,0.0
0.0,0.0,0.0,0.0,0.0
0.0,0.0,0.0,0.0,0.0
0.0,0.0,0.0,0.0,30.154199122359607
0.0,0.0,0.0,0.0,692.029904289151
0.0,0.0,0.0,0.0,576.491545430219
0.0,0.0,0.0,0.0,481.10551480640623
0.0,0.0,0.0,0.0,552.3448815515125
0.0,0.0,0.0,0.0,881.3184918763299
0.0,0.0,0.0,0.0,330.3975122736188
0.0,0.0,0.0,0.0,1214.439970749968
0.0,0.0,0.0,0.0,0.0
0.0,0.0,0.0,0.0,0.0
0.0,0.0,0.0,0.0,0.0
0.0,0.0,0.0,0.0,0.0
0.0,0.0,0.0,0.0,36.24637890625001
0.0,0.0,0.0,0.0,35.00893359375
0.0,0.0,0.0,0.0,33.76292578125
0.0,0.0,0.0,0.0,32.80692578125
0.0,0.0,0.0,0.0,651704.8980090079
0.0,0.0,0.0,0.0,619419.3864292941
0.0,0.0,0.0,0.0,537565.2525046171
0.0,0.0,0.0,0.0,402333.89308853203
0.0,0.0,0.0,0.0,238520.2634632482
0.0,0.0,0.0,0.0,226022.27727509808
0.0,0.0,0.0,0.0,293251.8198812304
0.0,0.0,0.0,0.0,495693.0093627293
0.0,0.0,0.0,0.0,1755.608674650139
0.0,0.0,0.0,0.0,1755.608674650139
0.0,0.0,0.0,0.0,1755.608674650139
0.0,0.0,0.0,0.0,1755.608674650139
0.0,0.0,0.0,0.0,783330.8820302719
0.0,0.0,0.0,0.0,752194.1644688311
0.0,0.0,0.0,0.0,489407.491868472
0.0,0.0,0.0,0.0,393599.28882089065
0.0,0.0,0.0,0.0,0.0
0.0,0.0,0.0,0.0,0.0
0.0,0.0,0.0,0.0,0.0
0.0,0.0,0.0,0.0,116748.94072288698
0.0,0.0,0.0,0.0,114942.02897796799
0.0,0.0,0.0,0.0,133986.32180804887
0.0,0.0,0.0,0.0,119592.39021914938
0.0,0.0,0.0,0.0,90781.14893197456
0.0,0.0,0.0,0.0,27587.722521576972
0.0,0.0,0.0,0.0,0.0
0.0,0.0,0.0,0.0,0.0
0.0,0.0,0.0,0.0,0.0
0.0,0.0,0.0,0.0,0.0
0.0,0.0,0.0,0.0,0.0
0.0,0.0,0.0,0.0,0.0
0.0,0.0,0.0,0.0,0.0
0.0,0.0,0.0,0.0,0.0
0.0,0.0,0.0,0.0,0.0
0.0,0.0,0.0,0.0,0.0
0.0,0.0,0.0,0.0,0.0
0.0,0.0,0.0,0.0,11418.228594434235
0.0,0.0,0.0,0.0,0.0
0.0,0.0,0.0,0.0,0.0
0.0,0.0,0.0,0.0,0.0
0.0,0.0,0.0,0.0,0.0
0.0,0.0,0.0,0.0,0.0
0.0,0.0,0.0,0.0,0.0
0.0,0.0,0.0,0.0,0.0
0.0,0.0,0.0,0.0,0.0
0.0,0.0,0.0,0.0,0.0
0.0,0.0,0.0,0.0,0.0
0.0,0.0,0.0,0.0,0.0
0.0,0.0,0.0,0.0,0.0
0.0,0.0,0.0,0.0,0.0
0.0,0.0,0.0,0.0,0.0
0.0,0.0,0.0,0.0,0.0
0.0,0.0,0.0,0.0,0.0
0.0,0.0,0.0,0.0,0.0
0.0,0.0,0.0,0.0,0.0
0.0,0.0,0.0,0.0,0.0
0.0,0.0,0.0,0.0,0.0
0.0,0.0,0.0,0.0,0.0
0.0,0.0,0.0,0.0,20397.480436238315
0.0,0.0,0.0,0.0,191907.50835037214
0.0,0.0,0.0,0.0,179734.26127259096
0.0,0.0,0.0,0.0,332448.6239932677
0.0,0.0,0.0,0.0,230000.0645489488
0.0,0.0,0.0,0.0,30650.924648378175
0.0,0.0,0.0,0.0,0.0
0.0,0.0,0.0,0.0,0.0
0.0,0.0,0.0,0.0,0.0
0.0,0.0,0.0,0.0,0.0
0.0,0.0,0.0,0.0,0.0
0.0,0.0,0.0,0.0,0.0
0.0,0.0,0.0,0.0,0.0
0.0,0.0,0.0,0.0,0.0
0.0,0.0,0.0,0.0,0.0
0.0,0.0,0.0,0.0,0.0
0.0,0.0,0.0,0.0,0.0
0.0,0.0,0.0,0.0,0.0
0.0,0.0,0.0,0.0,0.0
0.0,0.0,0.0,0.0,0.0
0.0,0.0,0.0,0.0,0.0
0.0,0.0,0.0,0.0,0.0
0.0,0.0,0.0,0.0,317682.31186161254
0.0,0.0,0.0,0.0,828919.3092669888
0.0,0.0,0.0,0.0,907010.7858487578
0.0,0.0,0.0,0.0,857672.9927151816
0.0,0.0,0.0,0.0,874650.7149429251
0.0,0.0,0.0,0.0,945053.4031943996
0.0,0.0,0.0,0.0,917256.949013802
0.0,0.0,0.0,0.0,808203.3580721972
0.0,0.0,0.0,0.0,0.0
0.0,0.0,0.0,0.0,0.0
0.0,0.0,0.0,0.0,0.0
0.0,0.0,0.0,0.0,0.0
0.0,0.0,0.0,0.0,0.0
0.0,0.0,0.0,0.0,0.0
0.0,0.0,0.0,0.0,0.0
0.0,0.0,0.0,0.0,0.0
0.0,0.0,0.0,0.0,0.0
0.0,0.0,0.0,0.0,0.0
0.0,0.0,0.0,0.0,0.0
0.0,0.0,0.0,0.0,0.0
0.0,0.0,0.0,0.0,0.0
0.0,0.0,0.0,0.0,0.0
0.0,0.0,0.0,0.0,0.0
0.0,0.0,0.0,0.0,0.0
0.0,0.0,0.0,0.0,668154.2015612802
0.0,0.0,0.0,0.0,907939.8582529374
0.0,0.0,0.0,0.0,740168.9816906436
0.0,0.0,0.0,0.0,662350.2606963315
0.0,0.0,0.0,0.0,388824.1862832073
0.0,0.0,0.0,0.0,54754.52409438011
0.0,0.0,0.0,0.0,5188.287799389057
0.0,0.0,0.0,0.0,157693.5666834679
0.0,0.0,0.0,0.0,0.0
0.0,0.0,0.0,0.0,0.0
0.0,0.0,0.0,0.0,0.0
0.0,0.0,0.0,0.0,0.0
0.0,0.0,0.0,0.0,0.0
0.0,0.0,0.0,0.0,0.0
0.0,0.0,0.0,0.0,21675.422715453067
0.0,0.0,0.0,0.0,98370.66754783479
0.0,0.0,0.0,0.0,103174.17873127936
0.0,0.0,0.0,0.0,77518.25824000257
0.0,0.0,0.0,0.0,22378.970512886746
0.0,0.0,0.0,0.0,0.0
0.0,0.0,0.0,0.0,0.0
0.0,0.0,0.0,0.0,0.0
0.0,0.0,0.0,0.0,0.0
0.0,0.0,0.0,0.0,0.0
0.0,0.0,0.0,0.0,0.0
0.0,0.0,0.0,0.0,0.0
0.0,0.0,0.0,0.0,10659.609276331337
0.0,0.0,0.0,0.0,391.3851807981634
0.0,0.0,0.0,0.0,34.07578125
0.0,0.0,0.0,0.0,195.26237266209182
0.0,0.0,0.0,0.0,32.379685546875
0.0,0.0,0.0,0.0,61.707044461057244
0.0,0.0,0.0,0.0,0.0
0.0,0.0,0.0,0.0,0.0
0.0,0.0,0.0,0.0,640.7429918890462
0.0,0.0,0.0,0.0,33.89203125
0.0,0.0,0.0,0.0,33.51304687500001
0.0,0.0,0.0,0.0,32.660919921875
0.0,0.0,0.0,0.0,31.594927734375002
0.0,0.0,0.0,0.0,30.729679687500006
0.0,0.0,0.0,0.0,1755.608674650139
0.0,0.0,0.0,0.0,1755.608674650139
0.0,0.0,0.0,0.0,1755.608674650139
0.0,0.0,0.0,0.0,1755.608674650139
0.0,0.0,0.0,0.0,1755.608674650139
0.0,0.0,0.0,0.0,1723.5756760560855
0.0,0.0,0.0,0.0,33.67792578125001
0.0,0.0,0.0,0.0,1683.6030572447576
0.0,0.0,0.0,0.0,1755.608674650139
0.0,0.0,0.0,0.0,73.68169508241101
0.0,0.0,0.0,0.0,1755.608674650139
0.0,0.0,0.0,0.0,1755.608674650139
0.0,0.0,0.0,0.0,1755.608674650139
0.0,0.0,0.0,0.0,41.181432781406656
0.0,0.0,0.0,0.0,203.75038069922502
0.0,0.0,0.0,0.0,55.02305270773578
0.0,0.0,0.0,0.0,0.0
0.0,0.0,0.0,0.0,0.0
0.0,0.0,0.0,0.0,0.0
0.0,0.0,0.0,0.0,0.0
0.0,0.0,0.0,0.0,0.0
0.0,0.0,0.0,0.0,0.0
0.0,0.0,0.0,0.0,0.0
0.0,0.0,0.0,0.0,0.0
0.0,0.0,0.0,0.0,0.0
0.0,0.0,0.0,0.0,0.0
0.0,0.0,0.0,0.0,0.0
0.0,0.0,0.0,0.0,0.0
0.0,0.0,0.0,0.0,0.0
0.0,0.0,0.0,0.0,0.0
0.0,0.0,0.0,0.0,0.0
0.0,0.0,0.0,0.0,0.0
0.0,0.0,0.0,0.0,35.032175781250004
0.0,0.0,0.0,0.0,34.90671484375
0.0,0.0,0.0,0.0,34.70621484375
0.0,0.0,0.0,0.0,34.54138281250001
0.0,0.0,0.0,0.0,34.3089140625
0.0,0.0,0.0,0.0,33.9871328125
0.0,0.0,0.0,0.0,33.851289062499994
0.0,0.0,0.0,0.0,34.205515625000004
0.0,0.0,0.0,0.0,35.982917968750016
0.0,0.0,0.0,0.0,36.16592187500001
0.0,0.0,0.0,0.0,35.706878906250004
0.0,0.0,0.0,0.0,35.07529296875
0.0,0.0,0.0,0.0,34.08187109375
0.0,0.0,0.0,0.0,32.716798828125
0.0,0.0,0.0,0.0,31.141998046874996
0.0,0.0,0.0,0.0,29.867298828125
0.0,0.0,0.0,0.0,28.9758671875
0.0,0.0,0.0,0.0,1755.608674650139
0.0,0.0,0.0,0.0,1755.608674650139
0.0,0.0,0.0,0.0,1656.6421660447368
0.0,0.0,0.0,0.0,1755.608674650139
0.0,0.0,0.0,0.0,1755.608674650139
0.0,0.0,0.0,0.0,31.077820312499995
0.0,0.0,0.0,0.0,1755.608674650139
0.0,0.0,0.0,0.0,34.15791015625
0.0,0.0,0.0,0.0,1440.7616827838765
0.0,0.0,0.0,0.0,35.53808984375001
0.0,0.0,0.0,0.0,1243.2922213343297
0.0,0.0,0.0,0.0,1755.608674650139
0.0,0.0,0.0,0.0,1755.608674650139
0.0,0.0,0.0,0.0,1755.608674650139
0.0,0.0,0.0,0.0,36.59442578125
0.0,0.0,0.0,0.0,137.53798379375036
0.0,0.0,0.0,0.0,869.8692829283771
0.0,0.0,0.0,0.0,107.36473099471516
0.0,0.0,0.0,0.0,39.748332031247756
0.0,0.0,0.0,0.0,0.0
0.0,0.0,0.0,0.0,0.0
0.0,0.0,0.0,0.0,0.0
0.0,0.0,0.0,0.0,0.0
0.0,0.0,0.0,0.0,0.0
0.0,0.0,0.0,0.0,0.0
0.0,0.0,0.0,0.0,0.0
0.0,0.0,0.0,0.0,0.0
0.0,0.0,0.0,0.0,0.0
0.0,0.0,0.0,0.0,0.0
0.0,0.0,0.0,0.0,0.0
0.0,0.0,0.0,0.0,0.0
0.0,0.0,0.0,0.0,0.0
0.0,0.0,0.0,0.0,315704.14230467344
0.0,0.0,0.0,0.0,270926.44798300415
0.0,0.0,0.0,0.0,319173.504012426
0.0,0.0,0.0,0.0,253612.77817501433
0.0,0.0,0.0,0.0,298525.6263484533
0.0,0.0,0.0,0.0,328143.1231416667
0.0,0.0,0.0,0.0,191690.05105917677
0.0,0.0,0.0,0.0,0.0
0.0,0.0,0.0,0.0,0.0
0.0,0.0,0.0,0.0,0.0
0.0,0.0,0.0,0.0,0.0
0.0,0.0,0.0,0.0,0.0
0.0,0.0,0.0,0.0,0.0
0.0,0.0,0.0,0.0,0.0
0.0,0.0,0.0,0.0,0.0
0.0,0.0,0.0,0.0,0.0
0.0,0.0,0.0,0.0,0.0
0.0,0.0,0.0,0.0,24220.720580571233
0.0,0.0,0.0,0.0,3000.5116201210394
0.0,0.0,0.0,0.0,0.0
0.0,0.0,0.0,0.0,0.0
0.0,0.0,0.0,0.0,0.0
0.0,0.0,0.0,0.0,0.0
0.0,0.0,0.0,0.0,1504.40932577036
0.0,0.0,0.0,0.0,1755.608674650139
0.0,0.0,0.0,0.0,1162.8927790368032
0.0,0.0,0.0,0.0,743.6796301660105
0.0,0.0,0.0,0.0,149.95124095128176
0.0,0.0,0.0,0.0,36.27045703125
0.0,0.0,0.0,0.0,36.153175781250006
0.0,0.0,0.0,0.0,215682.98875992882
0.0,0.0,0.0,0.0,0.0
0.0,0.0,0.0,0.0,0.0
0.0,0.0,0.0,0.0,0.0
0.0,0.0,0.0,0.0,0.0
0.0,0.0,0.0,0.0,39.751730468750004
0.0,0.0,0.0,0.0,93.23945564702248
0.0,0.0,0.0,0.0,35.654390625
0.0,0.0,0.0,0.0,34.70417578125
0.0,0.0,0.0,0.0,34.3354296875
0.0,0.0,0.0,0.0,34.3831953125
0.0,0.0,0.0,0.0,35.07098046875
0.0,0.0,0.0,0.0,36.80735546875
0.0,0.0,0.0,0.0,40.176484374999994
0.0,0.0,0.0,0.0,43.54555078124999
0.0,0.0,0.0,0.0,42.86761328125
0.0,0.0,0.0,0.0,41.42065625
0.0,0.0,0.0,0.0,79.16953946217507
0.0,0.0,0.0,0.0,38.576671875
0.0,0.0,0.0,0.0,1755.608674650139
0.0,0.0,0.0,0.0,36.62579296875
0.0,0.0,0.0,0.0,36.17555859375
0.0,0.0,0.0,0.0,1755.608674650139
0.0,0.0,0.0,0.0,35.89212890625001
0.0,0.0,0.0,0.0,36.426183593750004
0.0,0.0,0.0,0.0,38.68048828124999
0.0,0.0,0.0,0.0,0.0
0.0,0.0,0.0,0.0,39.15314453124999
0.0,0.0,0.0,0.0,38.36483203125001
0.0,0.0,0.0,0.0,36.57500390625
0.0,0.0,0.0,0.0,1320.3765188953669
0.0,0.0,0.0,0.0,1648.1068955152273
0.0,0.0,0.0,0.0,30.662875
0.0,0.0,0.0,0.0,30.0981796875
0.0,0.0,0.0,0.0,29.897970703125004
0.0,0.0,0.0,0.0,30.187351562500005
0.0,0.0,0.0,0.0,31.496369140625006
0.0,0.0,0.0,0.0,34.53392578125
0.0,0.0,0.0,0.0,1415.2716058014003
0.0,0.0,0.0,0.0,1428.9352678867908
0.0,0.0,0.0,0.0,37.498796875
0.0,0.0,0.0,0.0,37.271375
0.0,0.0,0.0,0.0,37.14280859375
0.0,0.0,0.0,0.0,1755.608674650139
0.0,0.0,0.0,0.0,37.03165624999999
0.0,0.0,0.0,0.0,37.131609375
0.0,0.0,0.0,0.0,574.3382741113124
0.0,0.0,0.0,0.0,37.269066406250005
0.0,0.0,0.0,0.0,0.0
0.0,0.0,0.0,0.0,0.0
0.0,0.0,0.0,0.0,0.0
0.0,0.0,0.0,0.0,0.0
0.0,0.0,0.0,0.0,0.0
0.0,0.0,0.0,0.0,0.0
0.0,0.0,0.0,0.0,0.0
0.0,0.0,0.0,0.0,0.0
0.0,0.0,0.0,0.0,30.413091796875012
0.0,0.0,0.0,0.0,29.531533203125
0.0,0.0,0.0,0.0,29.101828125000008
0.0,0.0,0.0,0.0,29.086523437500002
0.0,0.0,0.0,0.0,30.118037109375003
0.0,0.0,0.0,0.0,32.594755859375006
0.0,0.0,0.0,0.0,35.74204296875
0.0,0.0,0.0,0.0,0.0
0.0,0.0,0.0,0.0,36.83356640625001
0.0,0.0,0.0,0.0,37.68887500000001
0.0,0.0,0.0,0.0,38.47030468749999
0.0,0.0,0.0,0.0,12.637010440383001
0.0,0.0,0.0,0.0,39.02399609375001
0.0,0.0,0.0,0.0,39.21271875000001
0.0,0.0,0.0,0.0,0.0
0.0,0.0,0.0,0.0,39.10571484375
0.0,0.0,0.0,0.0,30.141766223126798
0.0,0.0,0.0,0.0,40.509714843750004
0.0,0.0,0.0,0.0,40.278417968750006
0.0,0.0,0.0,0.0,39.60897265625001
0.0,0.0,0.0,0.0,0.0
0.0,0.0,0.0,0.0,0.0
0.0,0.0,0.0,0.0,0.0
0.0,0.0,0.0,0.0,33.093375
0.0,0.0,0.0,0.0,31.316869140625013
0.0,0.0,0.0,0.0,1755.608674650139
0.0,0.0,0.0,0.0,29.415515625
0.0,0.0,0.0,0.0,1755.608674650139
0.0,0.0,0.0,0.0,1755.608674650139
0.0,0.0,0.0,0.0,526.1629460903972
0.0,0.0,0.0,0.0,1755.608674650139
0.0,0.0,0.0,0.0,1755.608674650139
0.0,0.0,0.0,0.0,34.14894921875
0.0,0.0,0.0,0.0,35.153156250000016
0.0,0.0,0.0,0.0,1755.608674650139
0.0,0.0,0.0,0.0,199.35532008504126
0.0,0.0,0.0,0.0,1755.608674650139
0.0,0.0,0.0,0.0,36.80433203125
0.0,0.0,0.0,0.0,36.80426953125
0.0,0.0,0.0,0.0,1755.608674650139
0.0,0.0,0.0,0.0,1755.608674650139
0.0,0.0,0.0,0.0,1755.608674650139
0.0,0.0,0.0,0.0,37.19253125
0.0,0.0,0.0,0.0,36.4845546875
0.0,0.0,0.0,0.0,35.73109765624999
0.0,0.0,0.0,0.0,34.62816015625
0.0,0.0,0.0,0.0,123.41135194643519
0.0,0.0,0.0,0.0,890.0943645544164
0.0,0.0,0.0,0.0,189.20410156249488
0.0,0.0,0.0,0.0,29.14847460937375
0.0,0.0,0.0,0.0,0.0
0.0,0.0,0.0,0.0,0.0
0.0,0.0,0.0,0.0,0.0
0.0,0.0,0.0,0.0,0.0
0.0,0.0,0.0,0.0,0.0
0.0,0.0,0.0,0.0,0.0
0.0,0.0,0.0,0.0,0.0
0.0,0.0,0.0,0.0,22740.14151190062
0.0,0.0,0.0,0.0,496726.9596445965
0.0,0.0,0.0,0.0,466159.1269414373
0.0,0.0,0.0,0.0,299006.0574856625
0.0,0.0,0.0,0.0,189113.24938303456
0.0,0.0,0.0,0.0,233311.54470028976
0.0,0.0,0.0,0.0,307767.4185526551
0.0,0.0,0.0,0.0,187097.62439776436
0.0,0.0,0.0,0.0,0.0
0.0,0.0,0.0,0.0,0.0
0.0,0.0,0.0,0.0,0.0
0.0,0.0,0.0,0.0,0.0
0.0,0.0,0.0,0.0,0.0
0.0,0.0,0.0,0.0,0.0
0.0,0.0,0.0,0.0,0.0
0.0,0.0,0.0,0.0,0.0
0.0,0.0,0.0,0.0,0.0
0.0,0.0,0.0,0.0,0.0
0.0,0.0,0.0,0.0,0.0
0.0,0.0,0.0,0.0,0.0
0.0,0.0,0.0,0.0,0.0
0.0,0.0,0.0,0.0,0.0
0.0,0.0,0.0,0.0,0.0
0.0,0.0,0.0,0.0,0.0
0.0,0.0,0.0,0.0,303384.1772819324
0.0,0.0,0.0,0.0,718009.9256697167
0.0,0.0,0.0,0.0,656893.3939543754
0.0,0.0,0.0,0.0,512755.3883037842
0.0,0.0,0.0,0.0,492243.6284235399
0.0,0.0,0.0,0.0,535069.8161046737
0.0,0.0,0.0,0.0,703919.9256005761
0.0,0.0,0.0,0.0,444553.3227525684
0.0,0.0,0.0,0.0,0.0
0.0,0.0,0.0,0.0,0.0
0.0,0.0,0.0,0.0,0.0
0.0,0.0,0.0,0.0,0.0
0.0,0.0,0.0,0.0,0.0
0.0,0.0,0.0,0.0,0.0
0.0,0.0,0.0,0.0,128130.4002566127
0.0,0.0,0.0,0.0,229544.47232865123
0.0,0.0,0.0,0.0,151311.58755275042
0.0,0.0,0.0,0.0,95063.6194039876
0.0,0.0,0.0,0.0,0.0
0.0,0.0,0.0,0.0,0.0
0.0,0.0,0.0,0.0,0.0
0.0,0.0,0.0,0.0,0.0
0.0,0.0,0.0,0.0,0.0
0.0,0.0,0.0,0.0,0.0
0.0,0.0,0.0,0.0,125189.64970209998
0.0,0.0,0.0,0.0,716409.3779308652
0.0,0.0,0.0,0.0,677236.2936662169
0.0,0.0,0.0,0.0,541196.9213180073
0.0,0.0,0.0,0.0,487834.531509259
0.0,0.0,0.0,0.0,542776.4177633631
0.0,0.0,0.0,0.0,593042.8315879934
0.0,0.0,0.0,0.0,460399.41610623256
0.0,0.0,0.0,0.0,0.0
0.0,0.0,0.0,0.0,0.0
0.0,0.0,0.0,0.0,0.0
0.0,0.0,0.0,0.0,0.0
0.0,0.0,0.0,0.0,0.0
0.0,0.0,0.0,0.0,0.0
0.0,0.0,0.0,0.0,0.0
0.0,0.0,0.0,0.0,0.0
0.0,0.0,0.0,0.0,0.0
0.0,0.0,0.0,0.0,0.0
0.0,0.0,0.0,0.0,0.0
0.0,0.0,0.0,0.0,0.0
0.0,0.0,0.0,0.0,0.0
0.0,0.0,0.0,0.0,0.0
0.0,0.0,0.0,0.0,0.0
0.0,0.0,0.0,0.0,0.0
0.0,0.0,0.0,0.0,0.0
0.0,0.0,0.0,0.0,812.4734415218875
0.0,0.0,0.0,0.0,1201.6252468922153
0.0,0.0,0.0,0.0,1075.794510395334
0.0,0.0,0.0,0.0,1673.5555665969011
0.0,0.0,0.0,0.0,1755.608674650139
0.0,0.0,0.0,0.0,1755.608674650139
0.0,0.0,0.0,0.0,1755.608674650139
0.0,0.0,0.0,0.0,429.97022272141163
0.0,0.0,0.0,0.0,0.0
0.0,0.0,0.0,0.0,441.6796259467091
0.0,0.0,0.0,0.0,1073.5792803229267
0.0,0.0,0.0,0.0,1385.635982331406
0.0,0.0,0.0,0.0,1711.7062280382493
0.0,0.0,0.0,0.0,36.489582031250016
0.0,0.0,0.0,0.0,1755.608674650139
0.0,0.0,0.0,0.0,1719.291887883722
0.0,0.0,0.0,0.0,1707.6380338594938
0.0,0.0,0.0,0.0,34.12567578125
0.0,0.0,0.0,0.0,35.27891796875
0.0,0.0,0.0,0.0,174.92351057079333
0.0,0.0,0.0,0.0,41.21537109375053
0.0,0.0,0.0,0.0,11943.20469677184
0.0,0.0,0.0,0.0,0.0
0.0,0.0,0.0,0.0,0.0
0.0,0.0,0.0,0.0,0.0
0.0,0.0,0.0,0.0,0.0
0.0,0.0,0.0,0.0,0.0
0.0,0.0,0.0,0.0,0.0
0.0,0.0,0.0,0.0,0.0
0.0,0.0,0.0,0.0,0.0
0.0,0.0,0.0,0.0,0.0
0.0,0.0,0.0,0.0,0.0
0.0,0.0,0.0,0.0,0.0
0.0,0.0,0.0,0.0,0.0
0.0,0.0,0.0,0.0,0.0
0.0,0.0,0.0,0.0,0.0
0.0,0.0,0.0,0.0,0.0
0.0,0.0,0.0,0.0,0.0
0.0,0.0,0.0,0.0,0.0
0.0,0.0,0.0,0.0,0.0
0.0,0.0,0.0,0.0,0.0
0.0,0.0,0.0,0.0,0.0
0.0,0.0,0.0,0.0,0.0
0.0,0.0,0.0,0.0,0.0
0.0,0.0,0.0,0.0,0.0
0.0,0.0,0.0,0.0,0.0
0.0,0.0,0.0,0.0,0.0
0.0,0.0,0.0,0.0,0.0
0.0,0.0,0.0,0.0,0.0
0.0,0.0,0.0,0.0,0.0
0.0,0.0,0.0,0.0,0.0
0.0,0.0,0.0,0.0,0.0
0.0,0.0,0.0,0.0,0.0
0.0,0.0,0.0,0.0,0.0
0.0,0.0,0.0,0.0,0.0
0.0,0.0,0.0,0.0,0.0
0.0,0.0,0.0,0.0,0.0
0.0,0.0,0.0,0.0,0.0
0.0,0.0,0.0,0.0,0.0
0.0,0.0,0.0,0.0,0.0
0.0,0.0,0.0,0.0,0.0
0.0,0.0,0.0,0.0,110474.0405236445
0.0,0.0,0.0,0.0,313185.58110520773
0.0,0.0,0.0,0.0,292847.5256540338
0.0,0.0,0.0,0.0,114975.21366071401
0.0,0.0,0.0,0.0,127178.45272455408
0.0,0.0,0.0,0.0,25503.188234245314
0.0,0.0,0.0,0.0,26525.98993629375
0.0,0.0,0.0,0.0,0.0
0.0,0.0,0.0,0.0,29153.209937053125
0.0,0.0,0.0,0.0,0.0
0.0,0.0,0.0,0.0,128802.85911499122
0.0,0.0,0.0,0.0,31584.680035420315
0.0,0.0,0.0,0.0,42059.53045252863
0.0,0.0,0.0,0.0,115787.9268808016
0.0,0.0,0.0,0.0,288141.96691272844
0.0,0.0,0.0,0.0,157789.217457331
0.0,0.0,0.0,0.0,323325.97721864306
0.0,0.0,0.0,0.0,55044.55976446233
0.0,0.0,0.0,0.0,0.0
0.0,0.0,0.0,0.0,0.0
0.0,0.0,0.0,0.0,0.0
0.0,0.0,0.0,0.0,0.0
0.0,0.0,0.0,0.0,0.0
0.0,0.0,0.0,0.0,0.0
0.0,0.0,0.0,0.0,0.0
0.0,0.0,0.0,0.0,0.0
0.0,0.0,0.0,0.0,0.0
0.0,0.0,0.0,0.0,0.0
0.0,0.0,0.0,0.0,0.0
0.0,0.0,0.0,0.0,0.0
0.0,0.0,0.0,0.0,0.0
0.0,0.0,0.0,0.0,0.0
0.0,0.0,0.0,0.0,0.0
0.0,0.0,0.0,0.0,0.0
0.0,0.0,0.0,0.0,261990.9163232408
0.0,0.0,0.0,0.0,1.248204573490518e6
0.0,0.0,0.0,0.0,1.5037994562500888e6
0.0,0.0,0.0,0.0,1.607085662170499e6
0.0,0.0,0.0,0.0,1.7000683881305116e6
0.0,0.0,0.0,0.0,1.6218733779412832e6
0.0,0.0,0.0,0.0,1.6977347576776631e6
0.0,0.0,0.0,0.0,1.1460475858309856e6
0.0,0.0,0.0,0.0,332639.22400619
0.0,0.0,0.0,0.0,0.0
0.0,0.0,0.0,0.0,0.0
0.0,0.0,0.0,0.0,0.0
0.0,0.0,0.0,0.0,0.0
0.0,0.0,0.0,0.0,0.0
0.0,0.0,0.0,0.0,0.0
0.0,0.0,0.0,0.0,0.0
0.0,0.0,0.0,0.0,0.0
0.0,0.0,0.0,0.0,0.0
0.0,0.0,0.0,0.0,0.0
0.0,0.0,0.0,0.0,0.0
0.0,0.0,0.0,0.0,0.0
0.0,0.0,0.0,0.0,0.0
0.0,0.0,0.0,0.0,0.0
0.0,0.0,0.0,0.0,0.0
0.0,0.0,0.0,0.0,0.0
0.0,0.0,0.0,0.0,586675.3235360204
0.0,0.0,0.0,0.0,610032.2049956758
0.0,0.0,0.0,0.0,534464.9563996376
0.0,0.0,0.0,0.0,489554.3832906736
0.0,0.0,0.0,0.0,577238.3816808227
0.0,0.0,0.0,0.0,681961.2544444602
0.0,0.0,0.0,0.0,519165.21907316195
0.0,0.0,0.0,0.0,0.0
0.0,0.0,0.0,0.0,0.0
0.0,0.0,0.0,0.0,0.0
0.0,0.0,0.0,0.0,0.0
0.0,0.0,0.0,0.0,0.0
0.0,0.0,0.0,0.0,0.0
0.0,0.0,0.0,0.0,0.0
0.0,0.0,0.0,0.0,0.0
0.0,0.0,0.0,0.0,0.0
0.0,0.0,0.0,0.0,0.0
0.0,0.0,0.0,0.0,58318.50678466046
0.0,0.0,0.0,0.0,60787.790769982865
0.0,0.0,0.0,0.0,0.0
0.0,0.0,0.0,0.0,0.0
0.0,0.0,0.0,0.0,0.0
0.0,0.0,0.0,0.0,335.73636575196844
0.0,0.0,0.0,0.0,1755.608674650139
0.0,0.0,0.0,0.0,1755.608674650139
0.0,0.0,0.0,0.0,1755.608674650139
0.0,0.0,0.0,0.0,1755.608674650139
0.0,0.0,0.0,0.0,1755.608674650139
0.0,0.0,0.0,0.0,1755.608674650139
0.0,0.0,0.0,0.0,1755.608674650139
0.0,0.0,0.0,0.0,1755.608674650139
0.0,0.0,0.0,0.0,73.7624919242789
0.0,0.0,0.0,0.0,846.0010092638435
0.0,0.0,0.0,0.0,843.9792391595873
0.0,0.0,0.0,0.0,960.756244734322
0.0,0.0,0.0,0.0,41.43189453125001
0.0,0.0,0.0,0.0,1290.8219739477772
0.0,0.0,0.0,0.0,209.89428257121622
0.0,0.0,0.0,0.0,35.13081640625
0.0,0.0,0.0,0.0,0.0
0.0,0.0,0.0,0.0,0.0
0.0,0.0,0.0,0.0,0.0
0.0,0.0,0.0,0.0,0.0
0.0,0.0,0.0,0.0,0.0
0.0,0.0,0.0,0.0,0.0
0.0,0.0,0.0,0.0,0.0
0.0,0.0,0.0,0.0,0.0
0.0,0.0,0.0,0.0,0.0
0.0,0.0,0.0,0.0,0.0
0.0,0.0,0.0,0.0,0.0
0.0,0.0,0.0,0.0,0.0
0.0,0.0,0.0,0.0,0.0
0.0,0.0,0.0,0.0,0.0
0.0,0.0,0.0,0.0,0.0
0.0,0.0,0.0,0.0,0.0
0.0,0.0,0.0,0.0,0.0
0.0,0.0,0.0,0.0,0.0
0.0,0.0,0.0,0.0,57.461294173948474
0.0,0.0,0.0,0.0,40.078710937500006
0.0,0.0,0.0,0.0,38.205074218750006
0.0,0.0,0.0,0.0,35.620453125
0.0,0.0,0.0,0.0,33.263382812500005
0.0,0.0,0.0,0.0,0.0
0.0,0.0,0.0,0.0,30.957078124999995
0.0,0.0,0.0,0.0,30.542439453125
0.0,0.0,0.0,0.0,30.626443359375
0.0,0.0,0.0,0.0,31.813603515625
0.0,0.0,0.0,0.0,34.60241796875001
0.0,0.0,0.0,0.0,37.9099296875
0.0,0.0,0.0,0.0,38.03431640625001
0.0,0.0,0.0,0.0,37.925421875000005
0.0,0.0,0.0,0.0,38.1609765625
0.0,0.0,0.0,0.0,38.27703515625
0.0,0.0,0.0,0.0,38.28203515625
0.0,0.0,0.0,0.0,38.24106640625
0.0,0.0,0.0,0.0,38.339140625000006
0.0,0.0,0.0,0.0,38.22966796875001
0.0,0.0,0.0,0.0,38.481082031250004
0.0,0.0,0.0,0.0,39.469039062499995
0.0,0.0,0.0,0.0,42.01088281249999
0.0,0.0,0.0,0.0,42.872328125
0.0,0.0,0.0,0.0,43.05765234375001
0.0,0.0,0.0,0.0,42.71821484375001
0.0,0.0,0.0,0.0,41.4558515625
0.0,0.0,0.0,0.0,39.31827734375
0.0,0.0,0.0,0.0,37.46989453125
0.0,0.0,0.0,0.0,36.493859375
0.0,0.0,0.0,0.0,1755.608674650139
0.0,0.0,0.0,0.0,1755.608674650139
0.0,0.0,0.0,0.0,1755.608674650139
0.0,0.0,0.0,0.0,1330.781527948828
0.0,0.0,0.0,0.0,1755.608674650139
0.0,0.0,0.0,0.0,1755.608674650139
0.0,0.0,0.0,0.0,46.745496093750006
0.0,0.0,0.0,0.0,1755.608674650139
0.0,0.0,0.0,0.0,1755.608674650139
0.0,0.0,0.0,0.0,1755.608674650139
0.0,0.0,0.0,0.0,1755.608674650139
0.0,0.0,0.0,0.0,1755.608674650139
0.0,0.0,0.0,0.0,44.60773437499999
0.0,0.0,0.0,0.0,44.09134765625
0.0,0.0,0.0,0.0,44.065812500000014
0.0,0.0,0.0,0.0,44.654343749999995
0.0,0.0,0.0,0.0,257.2458162066482
0.0,0.0,0.0,0.0,21865.41546159394
0.0,0.0,0.0,0.0,0.0
0.0,0.0,0.0,0.0,0.0
0.0,0.0,0.0,0.0,0.0
0.0,0.0,0.0,0.0,0.0
0.0,0.0,0.0,0.0,0.0
0.0,0.0,0.0,0.0,0.0
0.0,0.0,0.0,0.0,0.0
0.0,0.0,0.0,0.0,0.0
0.0,0.0,0.0,0.0,0.0
0.0,0.0,0.0,0.0,0.0
0.0,0.0,0.0,0.0,0.0
0.0,0.0,0.0,0.0,0.0
0.0,0.0,0.0,0.0,0.0
0.0,0.0,0.0,0.0,0.0
0.0,0.0,0.0,0.0,7996.263535805714
0.0,0.0,0.0,0.0,513065.20877570094
0.0,0.0,0.0,0.0,568894.3354593242
0.0,0.0,0.0,0.0,547586.4056249616
0.0,0.0,0.0,0.0,695308.5126238989
0.0,0.0,0.0,0.0,888956.9739714244
0.0,0.0,0.0,0.0,1755.608674650139
0.0,0.0,0.0,0.0,901905.6801751882
0.0,0.0,0.0,0.0,85466.20047895312
0.0,0.0,0.0,0.0,0.0
0.0,0.0,0.0,0.0,0.0
0.0,0.0,0.0,0.0,0.0
0.0,0.0,0.0,0.0,0.0
0.0,0.0,0.0,0.0,0.0
0.0,0.0,0.0,0.0,0.0
0.0,0.0,0.0,0.0,2649.0824396003586
0.0,0.0,0.0,0.0,63081.58384358753
0.0,0.0,0.0,0.0,130062.49042866463
0.0,0.0,0.0,0.0,83563.89044583165
0.0,0.0,0.0,0.0,5043.725525016481
0.0,0.0,0.0,0.0,0.0
0.0,0.0,0.0,0.0,0.0
0.0,0.0,0.0,0.0,0.0
0.0,0.0,0.0,0.0,0.0
0.0,0.0,0.0,0.0,356294.4542863388
0.0,0.0,0.0,0.0,780638.5272200225
0.0,0.0,0.0,0.0,703765.7604289141
0.0,0.0,0.0,0.0,733552.702596426
0.0,0.0,0.0,0.0,536926.1710174067
0.0,0.0,0.0,0.0,169420.4417974087
0.0,0.0,0.0,0.0,383830.36570178845
0.0,0.0,0.0,0.0,337918.8295342477
0.0,0.0,0.0,0.0,0.0
0.0,0.0,0.0,0.0,0.0
0.0,0.0,0.0,0.0,0.0
0.0,0.0,0.0,0.0,0.0
0.0,0.0,0.0,0.0,0.0
0.0,0.0,0.0,0.0,0.0
0.0,0.0,0.0,0.0,0.0
0.0,0.0,0.0,0.0,0.0
0.0,0.0,0.0,0.0,0.0
0.0,0.0,0.0,0.0,0.0
0.0,0.0,0.0,0.0,0.0
0.0,0.0,0.0,0.0,0.0
0.0,0.0,0.0,0.0,0.0
0.0,0.0,0.0,0.0,0.0
0.0,0.0,0.0,0.0,0.0
0.0,0.0,0.0,0.0,0.0
0.0,0.0,0.0,0.0,0.0
0.0,0.0,0.0,0.0,168516.94659316697
0.0,0.0,0.0,0.0,105142.91678961698
0.0,0.0,0.0,0.0,344277.0258193012
0.0,0.0,0.0,0.0,311268.2136516413
0.0,0.0,0.0,0.0,281069.6456672058
0.0,0.0,0.0,0.0,241988.3484981671
0.0,0.0,0.0,0.0,208893.26832084142
0.0,0.0,0.0,0.0,0.0
0.0,0.0,0.0,0.0,0.0
0.0,0.0,0.0,0.0,0.0
0.0,0.0,0.0,0.0,0.0
0.0,0.0,0.0,0.0,0.0
0.0,0.0,0.0,0.0,0.0
0.0,0.0,0.0,0.0,6288.151011827754
0.0,0.0,0.0,0.0,217224.63092453964
0.0,0.0,0.0,0.0,355772.736071127
0.0,0.0,0.0,0.0,382799.8566788462
0.0,0.0,0.0,0.0,351147.64773848536
0.0,0.0,0.0,0.0,205478.0438353694
0.0,0.0,0.0,0.0,0.0
0.0,0.0,0.0,0.0,0.0
0.0,0.0,0.0,0.0,0.0
0.0,0.0,0.0,0.0,0.0
0.0,0.0,0.0,0.0,128044.3866021856
0.0,0.0,0.0,0.0,189556.43582935096
0.0,0.0,0.0,0.0,109514.71801344982
0.0,0.0,0.0,0.0,200616.81797830926
0.0,0.0,0.0,0.0,334704.97033730726
0.0,0.0,0.0,0.0,241141.57129737159
0.0,0.0,0.0,0.0,0.0
0.0,0.0,0.0,0.0,0.0
0.0,0.0,0.0,0.0,0.0
0.0,0.0,0.0,0.0,0.0
0.0,0.0,0.0,0.0,0.0
0.0,0.0,0.0,0.0,0.0
0.0,0.0,0.0,0.0,23065.565562316435
0.0,0.0,0.0,0.0,204666.97524285666
0.0,0.0,0.0,0.0,330449.3527510686
0.0,0.0,0.0,0.0,451762.7378568717
0.0,0.0,0.0,0.0,430697.50737382437
0.0,0.0,0.0,0.0,278281.2859737687
0.0,0.0,0.0,0.0,140053.46051223483
0.0,0.0,0.0,0.0,0.0
0.0,0.0,0.0,0.0,0.0
0.0,0.0,0.0,0.0,0.0
0.0,0.0,0.0,0.0,0.0
0.0,0.0,0.0,0.0,0.0
0.0,0.0,0.0,0.0,0.0
0.0,0.0,0.0,0.0,0.0
0.0,0.0,0.0,0.0,0.0
0.0,0.0,0.0,0.0,0.0
0.0,0.0,0.0,0.0,0.0
0.0,0.0,0.0,0.0,136116.32675979633
0.0,0.0,0.0,0.0,439687.41491231095
0.0,0.0,0.0,0.0,696115.9313529993
0.0,0.0,0.0,0.0,398978.6720011022
0.0,0.0,0.0,0.0,0.0
0.0,0.0,0.0,0.0,0.0
0.0,0.0,0.0,0.0,0.0
0.0,0.0,0.0,0.0,0.0
0.0,0.0,0.0,0.0,23918.920707365025
0.0,0.0,0.0,0.0,115.73972805803811
0.0,0.0,0.0,0.0,32.99927734375001
0.0,0.0,0.0,0.0,927.170883963757
0.0,0.0,0.0,0.0,1087.519233855509
0.0,0.0,0.0,0.0,1548.2569336965767
0.0,0.0,0.0,0.0,1755.608674650139
0.0,0.0,0.0,0.0,1755.608674650139
0.0,0.0,0.0,0.0,1755.608674650139
0.0,0.0,0.0,0.0,41.78139453125001
0.0,0.0,0.0,0.0,1755.608674650139
0.0,0.0,0.0,0.0,591.6925595280351
0.0,0.0,0.0,0.0,1755.608674650139
0.0,0.0,0.0,0.0,1755.608674650139
0.0,0.0,0.0,0.0,1705.2940311992988
0.0,0.0,0.0,0.0,1755.608674650139
0.0,0.0,0.0,0.0,161.2198496093744
0.0,0.0,0.0,0.0,37.43067578125001
0.0,0.0,0.0,0.0,1682.1964567728553
0.0,0.0,0.0,0.0,290.3003385416495
0.0,0.0,0.0,0.0,42.30049999999784
0.0,0.0,0.0,0.0,0.0
0.0,0.0,0.0,0.0,0.0
0.0,0.0,0.0,0.0,0.0
0.0,0.0,0.0,0.0,0.0
0.0,0.0,0.0,0.0,0.0
0.0,0.0,0.0,0.0,0.0
0.0,0.0,0.0,0.0,0.0
0.0,0.0,0.0,0.0,0.0
0.0,0.0,0.0,0.0,0.0
0.0,0.0,0.0,0.0,0.0
0.0,0.0,0.0,0.0,0.0
0.0,0.0,0.0,0.0,0.0
0.0,0.0,0.0,0.0,0.0
0.0,0.0,0.0,0.0,0.0
0.0,0.0,0.0,0.0,0.0
0.0,0.0,0.0,0.0,132.93630976562505
0.0,0.0,0.0,0.0,39.16006640625001
0.0,0.0,0.0,0.0,37.90323828124999
0.0,0.0,0.0,0.0,37.04051953125
0.0,0.0,0.0,0.0,1755.608674650139
0.0,0.0,0.0,0.0,36.14787109375
0.0,0.0,0.0,0.0,36.51860546875
0.0,0.0,0.0,0.0,39.16043750000001
0.0,0.0,0.0,0.0,40.17833984375
0.0,0.0,0.0,0.0,1276.2091776744285
0.0,0.0,0.0,0.0,40.09737890625
0.0,0.0,0.0,0.0,39.56086718750001
0.0,0.0,0.0,0.0,38.2941484375
0.0,0.0,0.0,0.0,1734.8801796343773
0.0,0.0,0.0,0.0,35.70083593750001
0.0,0.0,0.0,0.0,1755.608674650139
0.0,0.0,0.0,0.0,1755.608674650139
0.0,0.0,0.0,0.0,1755.608674650139
0.0,0.0,0.0,0.0,35.43741796874999
0.0,0.0,0.0,0.0,1755.608674650139
0.0,0.0,0.0,0.0,1755.608674650139
0.0,0.0,0.0,0.0,1484.2934553710643
0.0,0.0,0.0,0.0,1520.290873928172
0.0,0.0,0.0,0.0,1755.608674650139
0.0,0.0,0.0,0.0,36.916386718750005
0.0,0.0,0.0,0.0,759.4301266235835
0.0,0.0,0.0,0.0,149.903055859375
0.0,0.0,0.0,0.0,510.0986482718079
0.0,0.0,0.0,0.0,33.95206640625
0.0,0.0,0.0,0.0,33.97924609375
0.0,0.0,0.0,0.0,34.37772265625001
0.0,0.0,0.0,0.0,0.0
0.0,0.0,0.0,0.0,0.0
0.0,0.0,0.0,0.0,0.0
0.0,0.0,0.0,0.0,0.0
0.0,0.0,0.0,0.0,0.0
0.0,0.0,0.0,0.0,0.0
0.0,0.0,0.0,0.0,0.0
0.0,0.0,0.0,0.0,32.792859375
0.0,0.0,0.0,0.0,1074.51292744866
0.0,0.0,0.0,0.0,469.59450724912534
0.0,0.0,0.0,0.0,32.069421875
0.0,0.0,0.0,0.0,32.569048828125
0.0,0.0,0.0,0.0,898.4415319478054
0.0,0.0,0.0,0.0,309.05109873930525
0.0,0.0,0.0,0.0,0.0
0.0,0.0,0.0,0.0,0.0
0.0,0.0,0.0,0.0,0.0
0.0,0.0,0.0,0.0,330298.86462441384
0.0,0.0,0.0,0.0,614.8414091738429
0.0,0.0,0.0,0.0,249.67180128317585
0.0,0.0,0.0,0.0,34.33276953125001
0.0,0.0,0.0,0.0,33.83423046875
0.0,0.0,0.0,0.0,33.85647265625001
0.0,0.0,0.0,0.0,34.333378906250005
0.0,0.0,0.0,0.0,0.0
0.0,0.0,0.0,0.0,0.0
0.0,0.0,0.0,0.0,0.0
0.0,0.0,0.0,0.0,0.0
0.0,0.0,0.0,0.0,0.0
0.0,0.0,0.0,0.0,0.0
0.0,0.0,0.0,0.0,0.0
0.0,0.0,0.0,0.0,0.0
0.0,0.0,0.0,0.0,0.0
0.0,0.0,0.0,0.0,34.67921484375
0.0,0.0,0.0,0.0,452.44084373225206
0.0,0.0,0.0,0.0,36.47073046875001
0.0,0.0,0.0,0.0,766.7509211187778
0.0,0.0,0.0,0.0,765.1043971173166
0.0,0.0,0.0,0.0,40.8163828125
0.0,0.0,0.0,0.0,916.3618510565009
0.0,0.0,0.0,0.0,1755.608674650139
0.0,0.0,0.0,0.0,1644.7843588358228
0.0,0.0,0.0,0.0,38.07898046875001
0.0,0.0,0.0,0.0,36.937000000000005
0.0,0.0,0.0,0.0,36.15587890625001
0.0,0.0,0.0,0.0,708.5313326810947
0.0,0.0,0.0,0.0,1210.426594062799
0.0,0.0,0.0,0.0,667.3267872266636
0.0,0.0,0.0,0.0,37.25538671875001
0.0,0.0,0.0,0.0,0.0
0.0,0.0,0.0,0.0,0.0
0.0,0.0,0.0,0.0,193.90659729099653
0.0,0.0,0.0,0.0,149.86754726562503
0.0,0.0,0.0,0.0,764.8492648319951
0.0,0.0,0.0,0.0,792.8303627549119
0.0,0.0,0.0,0.0,30.982742187500005
0.0,0.0,0.0,0.0,30.087294921875003
0.0,0.0,0.0,0.0,0.0
0.0,0.0,0.0,0.0,0.0
0.0,0.0,0.0,0.0,0.0
0.0,0.0,0.0,0.0,0.0
0.0,0.0,0.0,0.0,0.0
0.0,0.0,0.0,0.0,0.0
0.0,0.0,0.0,0.0,0.0
0.0,0.0,0.0,0.0,0.0
0.0,0.0,0.0,0.0,0.0
0.0,0.0,0.0,0.0,0.0
0.0,0.0,0.0,0.0,0.0
0.0,0.0,0.0,0.0,261.371934480128
0.0,0.0,0.0,0.0,62.71793531896276
0.0,0.0,0.0,0.0,32.80378125000001
0.0,0.0,0.0,0.0,32.89241406250001
0.0,0.0,0.0,0.0,34.53021484375
0.0,0.0,0.0,0.0,0.0
0.0,0.0,0.0,0.0,34.61362890625001
0.0,0.0,0.0,0.0,34.1770546875
0.0,0.0,0.0,0.0,33.30972265625
0.0,0.0,0.0,0.0,31.864603515625006
0.0,0.0,0.0,0.0,30.2600078125
0.0,0.0,0.0,0.0,28.999685546875
0.0,0.0,0.0,0.0,28.205892578125003
0.0,0.0,0.0,0.0,27.880349609374996
0.0,0.0,0.0,0.0,28.020687500000005
0.0,0.0,0.0,0.0,28.861703125
0.0,0.0,0.0,0.0,30.489898437499996
0.0,0.0,0.0,0.0,32.473826171875
0.0,0.0,0.0,0.0,33.7846796875
0.0,0.0,0.0,0.0,35.00973046875001
0.0,0.0,0.0,0.0,36.22750781250001
0.0,0.0,0.0,0.0,37.127484375
0.0,0.0,0.0,0.0,37.49596484375001
0.0,0.0,0.0,0.0,37.55274609375001
0.0,0.0,0.0,0.0,37.46489453125
0.0,0.0,0.0,0.0,37.41290234375
0.0,0.0,0.0,0.0,37.57288671875
0.0,0.0,0.0,0.0,38.1518046875
0.0,0.0,0.0,0.0,39.36129296875
0.0,0.0,0.0,0.0,39.232449218750006
0.0,0.0,0.0,0.0,38.6348125
0.0,0.0,0.0,0.0,37.859988281250004
0.0,0.0,0.0,0.0,36.5440625
0.0,0.0,0.0,0.0,34.63290234374999
0.0,0.0,0.0,0.0,1755.608674650139
0.0,0.0,0.0,0.0,31.374203125000005
0.0,0.0,0.0,0.0,30.544353515624994
0.0,0.0,0.0,0.0,30.245681640625
0.0,0.0,0.0,0.0,1755.608674650139
0.0,0.0,0.0,0.0,30.896412109375003
0.0,0.0,0.0,0.0,32.475046875
0.0,0.0,0.0,0.0,1580.4785788798686
0.0,0.0,0.0,0.0,35.6824375
0.0,0.0,0.0,0.0,1755.608674650139
0.0,0.0,0.0,0.0,895.3011740875755
0.0,0.0,0.0,0.0,37.00065625
0.0,0.0,0.0,0.0,1755.608674650139
0.0,0.0,0.0,0.0,1755.608674650139
0.0,0.0,0.0,0.0,36.55612109375
0.0,0.0,0.0,0.0,36.34758203125
0.0,0.0,0.0,0.0,36.17571484375001
0.0,0.0,0.0,0.0,36.41123828125001
0.0,0.0,0.0,0.0,0.0
0.0,0.0,0.0,0.0,0.0
0.0,0.0,0.0,0.0,0.0
0.0,0.0,0.0,0.0,0.0
0.0,0.0,0.0,0.0,0.0
0.0,0.0,0.0,0.0,0.0
0.0,0.0,0.0,0.0,506.9888016367522
0.0,0.0,0.0,0.0,251.5726349305087
0.0,0.0,0.0,0.0,1184.2978437992272
0.0,0.0,0.0,0.0,1205.849070103428
0.0,0.0,0.0,0.0,1002.4463659483304
0.0,0.0,0.0,0.0,872.4264242222027
0.0,0.0,0.0,0.0,483.18087907660043
0.0,0.0,0.0,0.0,223.38835852401715
0.0,0.0,0.0,0.0,153.36205714964706
0.0,0.0,0.0,0.0,259.15416523054375
0.0,0.0,0.0,0.0,1499.8926657537577
0.0,0.0,0.0,0.0,20934.477229842276
0.0,0.0,0.0,0.0,110894.58954658211
0.0,0.0,0.0,0.0,538757.3879279821
0.0,0.0,0.0,0.0,362837.9317336332
0.0,0.0,0.0,0.0,131603.94458871425
0.0,0.0,0.0,0.0,0.0
0.0,0.0,0.0,0.0,0.0
0.0,0.0,0.0,0.0,0.0
0.0,0.0,0.0,0.0,0.0
0.0,0.0,0.0,0.0,0.0
0.0,0.0,0.0,0.0,0.0
0.0,0.0,0.0,0.0,5156.422480897233
0.0,0.0,0.0,0.0,22121.86248290716
